   3601.5000    293.9990    291.0345    291.6115    291.8843    -65.4534  81671.3594      0.6069      0.0977
   3661.5000    293.9576    290.4095    290.8751    291.4087    -39.5484  28024.3203      0.3597      0.0996
   3721.5000    293.9149    290.1970    290.6515    291.2348    -36.2201  21652.6816      0.3207      0.1023
   3781.5000    293.8721    290.0349    290.4829    291.1035    -34.1693  18080.0801      0.2962      0.1044
   3841.5000    293.8282    289.8950    290.3386    290.9919    -32.6523  15612.9482      0.2779      0.1064
   3901.5000    293.7842    289.7674    290.2075    290.8906    -31.4131  13752.2510      0.2631      0.1081
   3961.5000    293.7403    289.6490    290.0855    290.7964    -30.3151  12277.5459      0.2504      0.1096
   4021.5000    293.6963    289.5352    289.9689    290.7073    -29.3614  11042.8301      0.2392      0.1111
   4081.5000    293.6524    289.4259    289.8566    290.6216    -28.4673  10004.0234      0.2291      0.1125
   4141.5000    293.6084    289.3197    289.7472    290.5379    -27.6127   9111.0713      0.2199      0.1137
   4201.5000    293.5644    289.2135    289.6381    290.4553    -26.8214   8317.5107      0.2113      0.1149
   4261.5000    293.5199    289.1073    289.5292    290.3742    -26.0846   7605.9316      0.2033      0.1162
   4321.5000    293.4747    289.0042    289.4226    290.2940    -25.3297   6984.2075      0.1957      0.1172
   4381.5000    293.4296    288.8979    289.3136    290.2137    -24.6327   6407.8896      0.1884      0.1184
   4441.5000    293.3844    288.7917    289.2041    290.1333    -23.9326   5887.6338      0.1815      0.1194
   4501.5000    293.3392    288.6855    289.0943    290.0530    -23.2307   5416.2139      0.1748      0.1204
   4561.5000    293.2941    288.5763    288.9814    289.9715    -22.5405   4977.4092      0.1683      0.1213
   4621.5000    293.2489    288.4670    288.8680    289.8900    -21.8405   4578.2290      0.1620      0.1221
   4681.5000    293.2037    288.3547    288.7515    289.8077    -21.1505   4205.3291      0.1558      0.1229
   4741.5000    293.1586    288.2455    288.6369    289.7247    -20.4158   3877.6221      0.1499      0.1233
   4801.5000    293.1134    288.1270    288.5140    289.6415    -19.7396   3550.1221      0.1440      0.1242
   4861.5000    293.0682    288.0117    288.3930    289.5572    -19.0175   3263.4578      0.1383      0.1245
   4921.5000    293.0226    287.8933    288.2688    289.4730    -18.3009   2993.7690      0.1327      0.1249
   4981.5000    292.9762    287.7812    288.1494    289.3879    -17.5440   2763.9248      0.1274      0.1247
   5041.5000    292.9298    287.6503    288.0127    289.3018    -16.8355   2514.2722      0.1218      0.1251
   5101.5000    292.8835    287.5258    287.8806    289.2147    -16.0787   2300.9390      0.1165      0.1250
   5161.5000    292.8371    287.4014    287.7477    289.1265    -15.2979   2106.3523      0.1113      0.1245
   5221.5000    292.7907    287.2833    287.6202    289.0388    -14.5205   1939.4193      0.1064      0.1236
   5281.5000    292.7443    287.1401    287.4688    288.9521    -13.7557   1748.6191      0.1010      0.1233
   5341.5000    292.6971    287.0219    287.3405    288.8658    -12.9953   1610.6206      0.0964      0.1220
   5401.5000    292.6494    286.8849    287.1936    288.7803    -12.2273   1460.1808      0.0915      0.1210
   5461.5000    292.6018    286.7668    287.0648    288.6958    -11.4955   1344.9905      0.0872      0.1193
   5521.5000    292.5542    286.6420    286.9291    288.6120    -10.7633   1231.4043      0.0829      0.1176
   5581.5000    292.5066    286.5110    286.7870    288.5301    -10.0416   1121.4181      0.0785      0.1158
   5641.5000    292.4590    286.3862    286.6508    288.4497     -9.3452   1025.5703      0.0744      0.1137
   5701.5000    292.4114    286.2489    286.5012    288.3709     -8.6120    925.7404      0.0700      0.1114
   5761.5000    292.3630    286.1365    286.3776    288.2947     -7.9974    854.3807      0.0665      0.1089
   5821.5000    292.3142    286.0367    286.2675    288.2207     -7.4632    797.6375      0.0635      0.1064
   5881.5000    292.2654    285.9244    286.1444    288.1505     -6.9069    734.9290      0.0603      0.1038
   5941.5000    292.2166    285.8246    286.0348    288.0831     -6.4275    684.7073      0.0575      0.1013
   6001.5000    292.1677    285.7374    285.9394    288.0193     -6.0446    646.7167      0.0553      0.0990
   6061.5000    292.1189    285.6626    285.8603    287.9673     -5.8371    623.5063      0.0540      0.0979
   6121.5000    292.0708    285.6003    285.7953    287.9203     -5.7096    609.0991      0.0532      0.0972
   6181.5000    292.0232    285.5506    285.7446    287.8778     -5.6622    603.2943      0.0529      0.0970
   6241.5000    291.9756    285.5009    285.6941    287.8376     -5.6212    597.3889      0.0526      0.0968
   6301.5000    291.9280    285.4511    285.6437    287.7987     -5.5860    591.6387      0.0523      0.0967
   6361.5000    291.8804    285.4014    285.5934    287.7608     -5.5517    585.7609      0.0520      0.0967
   6421.5000    291.8336    285.3516    285.5431    287.7235     -5.5210    580.0530      0.0517      0.0966
   6481.5000    291.7872    285.3019    285.4928    287.6866     -5.4886    574.2038      0.0515      0.0965
   6541.5000    291.7408    285.2646    285.4564    287.6501     -5.5196    576.2038      0.0516      0.0968
   6601.5000    291.6944    285.2149    285.4062    287.6138     -5.4910    570.5522      0.0514      0.0968
   6661.5000    291.6481    285.1777    285.3698    287.5777     -5.5261    572.7311      0.0516      0.0970
   6721.5000    291.6030    285.1279    285.3196    287.5416     -5.4978    567.1151      0.0513      0.0970
   6781.5000    291.5578    285.0907    285.2833    287.5057     -5.5315    569.1399      0.0515      0.0973
   6841.5000    291.5126    285.0410    285.2331    287.4702     -5.5034    563.4690      0.0512      0.0973
   6901.5000    291.4675    285.0037    285.1967    287.4346     -5.5383    565.4891      0.0514      0.0976
   6961.5000    291.4230    284.9665    285.1604    287.3990     -5.5759    567.6895      0.0516      0.0979
   7021.5000    291.3790    284.9167    285.1103    287.3633     -5.5493    562.2193      0.0513      0.0979
   7081.5000    291.3351    284.8795    285.0739    287.3273     -5.5821    564.1562      0.0515      0.0981
   7141.5000    291.2911    284.8423    285.0376    287.2914     -5.6190    566.3702      0.0517      0.0984
   7201.5000    291.2472    284.7925    284.9875    287.2558     -5.5931    560.9937      0.0515      0.0984
   7261.5000    291.2044    284.7553    284.9511    287.2200     -5.6280    563.0122      0.0516      0.0987
   7321.5000    291.1617    284.7181    284.9147    287.1841     -5.6601    564.8575      0.0518      0.0990
   7381.5000    291.1190    284.6808    284.8783    287.1481     -5.6958    566.9623      0.0520      0.0992
   7441.5000    291.0762    284.6436    284.8419    287.1118     -5.7301    569.0464      0.0521      0.0995
   7501.5000    291.0337    284.5939    284.7919    287.0752     -5.7060    564.0589      0.0519      0.0995
   7561.5000    290.9922    284.5566    284.7555    287.0383     -5.7416    566.3738      0.0521      0.0998
   7621.5000    290.9507    284.5194    284.7191    287.0014     -5.7775    568.7007      0.0523      0.1000
   7681.5000    290.9092    284.4822    284.6828    286.9644     -5.8120    570.9341      0.0525      0.1003
   7741.5000    290.8677    284.4449    284.6463    286.9273     -5.8456    573.1558      0.0526      0.1006
   7801.5000    290.8264    284.3952    284.5962    286.8901     -5.8205    568.2271      0.0524      0.1005
   7861.5000    290.7861    284.3580    284.5598    286.8527     -5.8536    570.4522      0.0526      0.1008
   7921.5000    290.7458    284.3207    284.5233    286.8154     -5.8862    572.6337      0.0528      0.1010
   7981.5000    290.7055    284.2835    284.4869    286.7784     -5.9179    574.6690      0.0529      0.1013
   8041.5000    290.6652    284.2463    284.4505    286.7415     -5.9511    576.7781      0.0531      0.1015
   8101.5000    290.6249    284.2090    284.4140    286.7047     -5.9829    578.7601      0.0532      0.1017
   8161.5000    290.5858    284.1718    284.3775    286.6678     -6.0139    580.7225      0.0534      0.1020
   8221.5000    290.5468    284.1346    284.3409    286.6307     -6.0404    582.3937      0.0535      0.1022
   8281.5000    290.5077    284.0974    284.3044    286.5939     -6.0697    584.2135      0.0537      0.1024
   8341.5000    290.4686    284.0476    284.2542    286.5571     -6.0370    578.6312      0.0534      0.1023
   8401.5000    290.4296    284.0104    284.2176    286.5204     -6.0661    580.4037      0.0536      0.1025
   8461.5000    290.3912    283.9731    284.1811    286.4836     -6.0949    582.1459      0.0537      0.1027
   8521.5000    290.3533    283.9359    284.1445    286.4467     -6.1211    583.7656      0.0538      0.1029
   8581.5000    290.3155    283.8987    284.1079    286.4097     -6.1463    585.3113      0.0540      0.1031
   8641.5000    290.2776    283.8615    284.0713    286.3723     -6.1721    586.9955      0.0541      0.1033
   8701.5000    290.2398    283.8242    284.0346    286.3348     -6.1974    588.6823      0.0542      0.1035
   8761.5000    290.2020    283.7870    283.9981    286.2973     -6.2277    590.7147      0.0544      0.1037
   8821.5000    290.1652    283.7498    283.9615    286.2596     -6.2513    592.3459      0.0545      0.1038
   8881.5000    290.1285    283.7125    283.9248    286.2219     -6.2745    593.9161      0.0546      0.1040
   8941.5000    290.0919    283.6753    283.8881    286.1844     -6.2970    595.4260      0.0547      0.1041
   9001.5000    290.0553    283.6381    283.8514    286.1469     -6.3199    596.9286      0.0549      0.1043
   9061.5000    290.0187    283.6008    283.8147    286.1096     -6.3434    598.4396      0.0550      0.1045
   9121.5000    289.9821    283.5636    283.7780    286.0723     -6.3650    599.8291      0.0551      0.1046
   9181.5000    289.9465    283.5264    283.7413    286.0346     -6.3866    601.2908      0.0552      0.1048
   9241.5000    289.9111    283.5016    283.7182    285.9968     -6.4692    610.2328      0.0557      0.1051
   9301.5000    289.8757    283.4644    283.6815    285.9589     -6.4898    611.7124      0.0558      0.1053
   9361.5000    289.8403    283.4272    283.6447    285.9209     -6.5090    613.1102      0.0559      0.1054
   9421.5000    289.8049    283.3900    283.6080    285.8828     -6.5311    614.7484      0.0560      0.1055
   9481.5000    289.7695    283.3527    283.5712    285.8446     -6.5505    616.2244      0.0562      0.1056
   9541.5000    289.7347    283.3155    283.5345    285.8065     -6.5712    617.7622      0.0563      0.1057
   9601.5000    289.7006    283.2783    283.4976    285.7683     -6.5880    619.0524      0.0564      0.1058
   9661.5000    289.6664    283.2410    283.4607    285.7300     -6.6038    620.3001      0.0564      0.1059
   9721.5000    289.6322    283.2038    283.4238    285.6922     -6.6177    621.3156      0.0565      0.1060
   9781.5000    289.5980    283.1666    283.3870    285.6545     -6.6341    622.4457      0.0566      0.1061
   9841.5000    289.5638    283.1293    283.3501    285.6170     -6.6490    623.4141      0.0567      0.1062
   9901.5000    289.5297    283.0921    283.3132    285.5797     -6.6612    624.1819      0.0567      0.1063
   9961.5000    289.4965    283.0674    283.2899    285.5426     -6.7346    632.5085      0.0572      0.1066
  10021.5000    289.4636    283.0302    283.2529    285.5058     -6.7454    633.0410      0.0573      0.1067
  10081.5000    289.4306    282.9929    283.2159    285.4689     -6.7540    633.4055      0.0573      0.1067
  10141.5000    289.3976    282.9557    283.1789    285.4321     -6.7634    633.8342      0.0573      0.1068
  10201.5000    289.3647    282.9185    283.1419    285.3955     -6.7727    634.1915      0.0574      0.1069
  10261.5000    289.3317    282.8937    283.1186    285.3592     -6.8421    642.1182      0.0578      0.1071
  10321.5000    289.2988    282.8565    283.0816    285.3234     -6.8496    642.1177      0.0579      0.1072
  10381.5000    289.2669    282.8193    283.0445    285.2875     -6.8537    641.9139      0.0579      0.1073
  10441.5000    289.2351    282.7820    283.0074    285.2516     -6.8599    641.8631      0.0579      0.1073
  10501.5000    289.2034    282.7573    282.9839    285.2154     -6.9242    649.4957      0.0583      0.1075
  10561.5000    289.1717    282.7201    282.9468    285.1791     -6.9278    649.3456      0.0583      0.1076
  10621.5000    289.1399    282.6829    282.9097    285.1428     -6.9310    649.2031      0.0583      0.1076
  10681.5000    289.1082    282.6456    282.8726    285.1066     -6.9355    649.1053      0.0583      0.1077
  10741.5000    289.0764    282.6209    282.8492    285.0704     -7.0009    656.8708      0.0588      0.1079
  10801.5000    289.0454    282.5837    282.8124    285.0359     -7.0189    657.2276      0.0588      0.1081
  10861.5000    289.0149    282.5590    282.7892    285.0018     -7.0955    665.2369      0.0593      0.1084
  10921.5000    288.9844    282.5217    282.7522    284.9677     -7.1038    664.7764      0.0593      0.1085
  10981.5000    288.9539    282.4970    282.7288    284.9338     -7.1691    672.0125      0.0597      0.1088
  11041.5000    288.9234    282.4723    282.7053    284.9001     -7.2306    678.9741      0.0601      0.1090
  11101.5000    288.8929    282.4351    282.6682    284.8668     -7.2319    677.7577      0.0600      0.1091
  11161.5000    288.8623    282.4103    282.6446    284.8333     -7.2916    684.5489      0.0604      0.1093
  11221.5000    288.8325    282.3731    282.6074    284.7996     -7.2910    683.3018      0.0604      0.1093
  11281.5000    288.8032    282.3484    282.5839    284.7660     -7.3509    690.2301      0.0608      0.1096
  11341.5000    288.7739    282.3112    282.5470    284.7340     -7.3602    689.1483      0.0607      0.1097
  11401.5000    288.7446    282.2864    282.5236    284.7025     -7.4302    696.1276      0.0612      0.1100
  11461.5000    288.7153    282.2617    282.5002    284.6722     -7.4959    702.4868      0.0615      0.1103
  11521.5000    288.6860    282.2370    282.4767    284.6423     -7.5578    708.4922      0.0619      0.1106
  11581.5000    288.6567    282.2123    282.4531    284.6116     -7.6125    714.2554      0.0622      0.1108
  11641.5000    288.6281    282.1876    282.4294    284.5807     -7.6644    719.9492      0.0625      0.1110
  11701.5000    288.6000    282.1503    282.3922    284.5500     -7.6608    717.3503      0.0624      0.1111
  11761.5000    288.5719    282.1256    282.3685    284.5191     -7.7116    722.9767      0.0627      0.1113
  11821.5000    288.5439    282.1009    282.3447    284.4887     -7.7601    728.2856      0.0630      0.1115
  11881.5000    288.5158    282.0762    282.3209    284.4584     -7.8100    733.7086      0.0633      0.1117
  11941.5000    288.4877    282.0389    282.2836    284.4283     -7.7968    730.1676      0.0632      0.1117
  12001.5000    288.4596    282.0142    282.2597    284.3978     -7.8429    735.3790      0.0635      0.1119
  12061.5000    288.4315    281.9895    282.2359    284.3672     -7.8882    740.6022      0.0637      0.1121
  12121.5000    288.4046    281.9648    282.2122    284.3371     -7.9422    746.3348      0.0640      0.1123
  12181.5000    288.3777    281.9401    282.1884    284.3069     -7.9917    751.7402      0.0643      0.1125
  12241.5000    288.3509    281.9153    282.1646    284.2770     -8.0390    756.9967      0.0646      0.1126
  12301.5000    288.3240    281.8906    282.1408    284.2479     -8.0871    762.0121      0.0649      0.1128
  12361.5000    288.2972    281.8659    282.1170    284.2193     -8.1347    766.8375      0.0652      0.1130
  12421.5000    288.2703    281.8412    282.0931    284.1908     -8.1789    771.3748      0.0654      0.1132
  12481.5000    288.2435    281.8040    282.0559    284.1627     -8.1688    767.1185      0.0653      0.1133
  12541.5000    288.2169    281.7792    282.0320    284.1337     -8.2108    771.6728      0.0655      0.1135
  12601.5000    288.1913    281.7545    282.0080    284.1050     -8.2522    776.0792      0.0658      0.1136
  12661.5000    288.1656    281.7298    281.9841    284.0764     -8.2915    780.3211      0.0660      0.1138
  12721.5000    288.1400    281.7051    281.9600    284.0479     -8.3277    784.3485      0.0662      0.1139
  12781.5000    288.1144    281.6804    281.9360    284.0196     -8.3642    788.3444      0.0664      0.1140
  12841.5000    288.0887    281.6556    281.9119    283.9912     -8.3988    792.2346      0.0666      0.1142
  12901.5000    288.0631    281.6309    281.8878    283.9632     -8.4324    795.9194      0.0668      0.1143
  12961.5000    288.0375    281.6062    281.8637    283.9353     -8.4660    799.5545      0.0670      0.1144
  13021.5000    288.0118    281.5815    281.8396    283.9076     -8.4966    802.9265      0.0672      0.1145
  13081.5000    287.9873    281.5568    281.8154    283.8801     -8.5271    806.1881      0.0674      0.1146
  13141.5000    287.9629    281.5320    281.7912    283.8527     -8.5558    809.3357      0.0675      0.1147
  13201.5000    287.9384    281.5073    281.7670    283.8250     -8.5811    812.3492      0.0677      0.1148
  13261.5000    287.9140    281.4826    281.7427    283.7971     -8.6049    815.3189      0.0678      0.1149
  13321.5000    287.8896    281.4579    281.7186    283.7701     -8.6391    818.7261      0.0680      0.1150
  13381.5000    287.8652    281.4332    281.6945    283.7430     -8.6736    822.1630      0.0682      0.1151
  13441.5000    287.8408    281.4084    281.6705    283.7164     -8.7086    825.5095      0.0684      0.1153
  13501.5000    287.8164    281.3837    281.6465    283.6902     -8.7441    828.6671      0.0686      0.1155
  13561.5000    287.7921    281.3715    281.6357    283.6642     -8.8292    840.9224      0.0691      0.1156
  13621.5000    287.7690    281.3468    281.6116    283.6387     -8.8611    843.5860      0.0693      0.1158
  13681.5000    287.7458    281.3221    281.5875    283.6133     -8.8920    846.1132      0.0695      0.1159
  13741.5000    287.7226    281.2974    281.5634    283.5886     -8.9225    848.3196      0.0696      0.1161
  13801.5000    287.6994    281.2852    281.5524    283.5637     -8.9972    859.6035      0.0701      0.1162
  13861.5000    287.6762    281.2604    281.5281    283.5384     -9.0223    861.6451      0.0702      0.1163
  13921.5000    287.6530    281.2357    281.5039    283.5131     -9.0459    863.6020      0.0703      0.1164
  13981.5000    287.6298    281.2110    281.4796    283.4876     -9.0686    865.6084      0.0705      0.1165
  14041.5000    287.6066    281.1863    281.4553    283.4618     -9.0885    867.5042      0.0706      0.1166
  14101.5000    287.5836    281.1616    281.4309    283.4359     -9.1080    869.4042      0.0707      0.1167
  14161.5000    287.5617    281.1368    281.4065    283.4104     -9.1237    870.9095      0.0708      0.1167
  14221.5000    287.5397    281.1246    281.3953    283.3852     -9.1920    882.0801      0.0712      0.1168
  14281.5000    287.5177    281.0999    281.3709    283.3604     -9.2077    883.2694      0.0713      0.1169
  14341.5000    287.4958    281.0752    281.3467    283.3358     -9.2302    884.8248      0.0714      0.1170
  14401.5000    287.4738    281.0505    281.3224    283.3114     -9.2493    886.0192      0.0715      0.1171
  14461.5000    287.4518    281.0383    281.3111    283.2872     -9.3111    896.4860      0.0720      0.1172
  14521.5000    287.4298    281.0135    281.2866    283.2629     -9.3239    897.2097      0.0720      0.1172
  14581.5000    287.4079    280.9888    281.2623    283.2388     -9.3420    898.2210      0.0721      0.1173
  14641.5000    287.3859    280.9641    281.2379    283.2148     -9.3603    899.1369      0.0722      0.1174
  14701.5000    287.3643    280.9519    281.2266    283.1910     -9.4203    909.4397      0.0726      0.1175
  14761.5000    287.3435    280.9272    281.2022    283.1670     -9.4345    910.1203      0.0727      0.1176
  14821.5000    287.3228    280.9025    281.1780    283.1436     -9.4600    911.3306      0.0728      0.1177
  14881.5000    287.3020    280.8903    281.1667    283.1203     -9.5213    921.6224      0.0732      0.1178
  14941.5000    287.2813    280.8655    281.1422    283.0963     -9.5314    921.9843      0.0732      0.1179
  15001.5000    287.2605    280.8408    281.1180    283.0727     -9.5515    922.8442      0.0733      0.1180
  15061.5000    287.2398    280.8286    281.1065    283.0488     -9.6056    933.0059      0.0737      0.1180
  15121.5000    287.2190    280.8039    281.0819    283.0247     -9.6111    933.0759      0.0737      0.1180
  15181.5000    287.1983    280.7792    281.0575    283.0007     -9.6242    933.6278      0.0738      0.1181
  15241.5000    287.1775    280.7545    281.0330    282.9770     -9.6361    933.9083      0.0738      0.1182
  15301.5000    287.1568    280.7422    281.0215    282.9532     -9.6866    943.9102      0.0742      0.1182
  15361.5000    287.1371    280.7175    280.9970    282.9296     -9.6959    943.9679      0.0743      0.1182
  15421.5000    287.1175    280.6928    280.9727    282.9074     -9.7121    943.8026      0.0743      0.1184
  15481.5000    287.0980    280.6806    280.9610    282.8849     -9.7562    952.7849      0.0746      0.1183
  15541.5000    287.0785    280.6559    280.9367    282.8625     -9.7744    952.8236      0.0747      0.1185
  15601.5000    287.0589    280.6437    280.9252    282.8407     -9.8241    961.9396      0.0751      0.1185
  15661.5000    287.0394    280.6190    280.9007    282.8179     -9.8307    961.2984      0.0751      0.1186
  15721.5000    287.0199    280.5942    280.8762    282.7959     -9.8404    960.5201      0.0751      0.1187
  15781.5000    287.0003    280.5820    280.8646    282.7733     -9.8838    969.6758      0.0754      0.1186
  15841.5000    286.9808    280.5573    280.8401    282.7504     -9.8911    969.0641      0.0754      0.1187
  15901.5000    286.9613    280.5326    280.8154    282.7279     -9.8914    967.7985      0.0754      0.1188
  15961.5000    286.9417    280.5204    280.8037    282.7047     -9.9325    977.1326      0.0758      0.1187
  16021.5000    286.9229    280.4957    280.7792    282.6819     -9.9435    976.8600      0.0758      0.1188
  16081.5000    286.9045    280.4835    280.7675    282.6594     -9.9856    985.9521      0.0761      0.1188
  16141.5000    286.8862    280.4587    280.7428    282.6364     -9.9835    984.7515      0.0761      0.1188
  16201.5000    286.8679    280.4340    280.7184    282.6140     -9.9925    984.0623      0.0761      0.1189
  16261.5000    286.8496    280.4218    280.7066    282.5916    -10.0304    992.8632      0.0764      0.1188
  16321.5000    286.8313    280.3971    280.6823    282.5701    -10.0452    992.1523      0.0765      0.1190
  16381.5000    286.8130    280.3849    280.6705    282.5481    -10.0826   1000.7941      0.0768      0.1189
  16441.5000    286.7947    280.3602    280.6462    282.5271    -10.0986    999.8295      0.0768      0.1191
  16501.5000    286.7764    280.3480    280.6345    282.5061    -10.1380   1008.2200      0.0771      0.1190
  16561.5000    286.7581    280.3232    280.6101    282.4854    -10.1508   1006.7574      0.0771      0.1192
  16621.5000    286.7397    280.3110    280.5983    282.4644    -10.1864   1014.8712      0.0774      0.1191
  16681.5000    286.7214    280.2863    280.5739    282.4444    -10.1964   1012.7836      0.0774      0.1193
  16741.5000    286.7035    280.2741    280.5623    282.4242    -10.2367   1020.8822      0.0777      0.1193
  16801.5000    286.6864    280.2619    280.5506    282.4055    -10.2783   1028.2124      0.0780      0.1193
  16861.5000    286.6693    280.2372    280.5263    282.3855    -10.2888   1026.0813      0.0780      0.1195
  16921.5000    286.6523    280.2250    280.5144    282.3652    -10.3190   1033.4868      0.0782      0.1194
  16981.5000    286.6352    280.2003    280.4899    282.3454    -10.3236   1030.7770      0.0782      0.1196
  17041.5000    286.6181    280.1880    280.4780    282.3245    -10.3548   1038.6748      0.0785      0.1195
  17101.5000    286.6010    280.1758    280.4663    282.3047    -10.3937   1046.5920      0.0788      0.1195
  17161.5000    286.5839    280.1511    280.4416    282.2834    -10.3874   1043.8395      0.0787      0.1195
  17221.5000    286.5668    280.1389    280.4298    282.2636    -10.4215   1051.4166      0.0790      0.1195
  17281.5000    286.5497    280.1142    280.4051    282.2423    -10.4187   1048.8645      0.0789      0.1196
  17341.5000    286.5326    280.1020    280.3932    282.2224    -10.4497   1056.3661      0.0792      0.1195
  17401.5000    286.5155    280.0773    280.3686    282.2010    -10.4455   1053.7506      0.0791      0.1196
  17461.5000    286.4984    280.0651    280.3567    282.1808    -10.4767   1061.4131      0.0794      0.1195
  17521.5000    286.4814    280.0403    280.3320    282.1595    -10.4697   1058.4960      0.0793      0.1196
  17581.5000    286.4654    280.0281    280.3200    282.1392    -10.4967   1065.9420      0.0795      0.1195
  17641.5000    286.4496    280.0034    280.2953    282.1180    -10.4899   1062.9857      0.0795      0.1195
  17701.5000    286.4337    279.9912    280.2833    282.0978    -10.5116   1070.0034      0.0797      0.1194
  17761.5000    286.4178    279.9665    280.2586    282.0766    -10.5091   1067.3151      0.0796      0.1195
  17821.5000    286.4019    279.9543    280.2466    282.0568    -10.5303   1074.1182      0.0798      0.1194
  17881.5000    286.3861    279.9296    280.2220    282.0364    -10.5331   1071.3412      0.0798      0.1195
  17941.5000    286.3702    279.9174    280.2100    282.0165    -10.5534   1078.1591      0.0800      0.1194
  18001.5000    286.3543    279.8926    280.1855    281.9976    -10.5540   1074.1956      0.0799      0.1196
  18061.5000    286.3385    279.8804    280.1735    281.9772    -10.5797   1081.7698      0.0802      0.1195
  18121.5000    286.3226    279.8682    280.1617    281.9591    -10.6101   1088.3175      0.0804      0.1195
  18181.5000    286.3067    279.8435    280.1372    281.9407    -10.6130   1084.2305      0.0803      0.1196
  18241.5000    286.2909    279.8313    280.1252    281.9207    -10.6392   1091.6921      0.0806      0.1196
  18301.5000    286.2750    279.8191    280.1132    281.9018    -10.6589   1097.9082      0.0808      0.1195
  18361.5000    286.2591    279.7944    280.0887    281.8820    -10.6605   1094.4999      0.0807      0.1196
  18421.5000    286.2433    279.7822    280.0766    281.8629    -10.6796   1100.8947      0.0809      0.1195
  18481.5000    286.2284    279.7637    280.0583    281.8448    -10.6901   1101.4761      0.0810      0.1196
  18541.5000    286.2137    279.7515    280.0463    281.8261    -10.7119   1107.7899      0.0812      0.1195
  18601.5000    286.1991    279.7268    280.0219    281.8079    -10.7130   1103.2587      0.0811      0.1197
  18661.5000    286.1844    279.7146    280.0099    281.7888    -10.7356   1109.9601      0.0813      0.1196
  18721.5000    286.1698    279.7024    279.9979    281.7713    -10.7597   1115.7708      0.0815      0.1195
  18781.5000    286.1551    279.6902    279.9860    281.7544    -10.7853   1121.3042      0.0817      0.1195
  18841.5000    286.1405    279.6718    279.9678    281.7369    -10.7971   1121.5757      0.0817      0.1196
  18901.5000    286.1258    279.6595    279.9558    281.7195    -10.8181   1127.1224      0.0819      0.1196
  18961.5000    286.1112    279.6411    279.9377    281.7020    -10.8301   1127.4573      0.0820      0.1196
  19021.5000    286.0965    279.6289    279.9257    281.6844    -10.8509   1133.1317      0.0822      0.1196
  19081.5000    286.0819    279.6105    279.9075    281.6669    -10.8624   1133.3920      0.0822      0.1197
  19141.5000    286.0672    279.5983    279.8954    281.6491    -10.8786   1138.8334      0.0824      0.1196
  19201.5000    286.0526    279.5798    279.8771    281.6309    -10.8849   1139.1440      0.0824      0.1196
  19261.5000    286.0379    279.5614    279.8588    281.6129    -10.8901   1139.1589      0.0824      0.1196
  19321.5000    286.0233    279.5492    279.8466    281.5947    -10.9033   1144.6692      0.0826      0.1195
  19381.5000    286.0086    279.5308    279.8283    281.5766    -10.9095   1144.8654      0.0826      0.1196
  19441.5000    285.9950    279.5123    279.8099    281.5592    -10.9108   1144.1398      0.0826      0.1196
  19501.5000    285.9816    279.5001    279.7979    281.5411    -10.9337   1150.4989      0.0828      0.1195
  19561.5000    285.9681    279.4879    279.7859    281.5243    -10.9494   1155.3341      0.0830      0.1195
  19621.5000    285.9547    279.4695    279.7675    281.5067    -10.9531   1154.9380      0.0830      0.1195
  19681.5000    285.9413    279.4573    279.7554    281.4898    -10.9656   1159.5061      0.0831      0.1195
  19741.5000    285.9279    279.4388    279.7372    281.4723    -10.9725   1159.3251      0.0831      0.1195
  19801.5000    285.9144    279.4266    279.7250    281.4549    -10.9842   1164.2452      0.0833      0.1194
  19861.5000    285.9010    279.4082    279.7067    281.4377    -10.9914   1163.9083      0.0833      0.1195
  19921.5000    285.8876    279.3960    279.6947    281.4211    -11.0089   1168.7484      0.0835      0.1194
  19981.5000    285.8741    279.3838    279.6827    281.4055    -11.0303   1173.3019      0.0836      0.1194
  20041.5000    285.8607    279.3654    279.6646    281.3893    -11.0440   1172.7743      0.0837      0.1195
  20101.5000    285.8473    279.3531    279.6526    281.3725    -11.0610   1177.8337      0.0838      0.1195
  20161.5000    285.8339    279.3409    279.6406    281.3563    -11.0791   1182.5229      0.0840      0.1195
  20221.5000    285.8204    279.3225    279.6224    281.3404    -11.0872   1181.1984      0.0840      0.1196
  20281.5000    285.8070    279.3103    279.6103    281.3232    -11.1033   1186.5266      0.0841      0.1195
  20341.5000    285.7936    279.2981    279.5982    281.3070    -11.1165   1190.8776      0.0843      0.1194
  20401.5000    285.7802    279.2797    279.5799    281.2901    -11.1208   1189.9049      0.0843      0.1195
  20461.5000    285.7668    279.2675    279.5677    281.2734    -11.1297   1194.2749      0.0844      0.1194
  20521.5000    285.7545    279.2490    279.5494    281.2569    -11.1344   1193.0715      0.0844      0.1195
  20581.5000    285.7422    279.2368    279.5372    281.2397    -11.1430   1197.7690      0.0845      0.1194
  20641.5000    285.7300    279.2246    279.5250    281.2233    -11.1515   1201.8345      0.0846      0.1193
  20701.5000    285.7178    279.2062    279.5067    281.2069    -11.1547   1200.3472      0.0846      0.1194
  20761.5000    285.7056    279.1940    279.4944    281.1899    -11.1610   1204.7299      0.0847      0.1193
  20821.5000    285.6934    279.1818    279.4822    281.1735    -11.1678   1208.6791      0.0849      0.1192
  20881.5000    285.6812    279.1633    279.4638    281.1565    -11.1687   1207.5120      0.0848      0.1192
  20941.5000    285.6690    279.1511    279.4516    281.1400    -11.1744   1211.4379      0.0849      0.1191
  21001.5000    285.6568    279.1327    279.4332    281.1245    -11.1710   1208.6997      0.0849      0.1192
  21061.5000    285.6446    279.1205    279.4211    281.1076    -11.1854   1213.8032      0.0850      0.1191
  21121.5000    285.6324    279.1083    279.4090    281.0918    -11.1990   1217.9406      0.0852      0.1191
  21181.5000    285.6202    279.0961    279.3969    281.0762    -11.2100   1221.7092      0.0853      0.1190
  21241.5000    285.6080    279.0776    279.3786    281.0601    -11.2126   1219.9456      0.0853      0.1191
  21301.5000    285.5958    279.0654    279.3663    281.0433    -11.2152   1223.8710      0.0854      0.1190
  21361.5000    285.5836    279.0532    279.3541    281.0276    -11.2230   1227.4883      0.0855      0.1189
  21421.5000    285.5714    279.0348    279.3358    281.0114    -11.2249   1225.7065      0.0854      0.1190
  21481.5000    285.5591    279.0226    279.3236    280.9954    -11.2347   1229.7834      0.0855      0.1189
  21541.5000    285.5469    279.0104    279.3115    280.9797    -11.2441   1233.4933      0.0857      0.1189
  21601.5000    285.5347    278.9919    279.2932    280.9642    -11.2446   1230.9930      0.0856      0.1189
  21661.5000    285.5225    278.9797    279.2809    280.9476    -11.2526   1235.4202      0.0857      0.1188
  21721.5000    285.5103    278.9675    279.2688    280.9319    -11.2621   1239.1600      0.0858      0.1188
  21781.5000    285.4989    278.9553    279.2565    280.9165    -11.2673   1242.3490      0.0859      0.1187
  21841.5000    285.4879    278.9369    279.2381    280.9016    -11.2627   1238.8187      0.0858      0.1188
  21901.5000    285.4769    278.9247    279.2260    280.8852    -11.2753   1243.5127      0.0860      0.1187
  21961.5000    285.4659    278.9125    279.2138    280.8699    -11.2804   1246.5978      0.0861      0.1187
  22021.5000    285.4550    278.9003    279.2015    280.8548    -11.2837   1249.3412      0.0862      0.1186
  22081.5000    285.4440    278.8881    279.1894    280.8398    -11.2918   1252.5154      0.0862      0.1185
  22141.5000    285.4330    278.8759    279.1772    280.8249    -11.2984   1255.3422      0.0863      0.1185
  22201.5000    285.4220    278.8574    279.1588    280.8098    -11.2946   1251.9664      0.0862      0.1186
  22261.5000    285.4110    278.8452    279.1467    280.7941    -11.3032   1255.8091      0.0864      0.1185
  22321.5000    285.4000    278.8330    279.1344    280.7784    -11.3056   1258.9803      0.0864      0.1184
  22381.5000    285.3890    278.8208    279.1221    280.7633    -11.3074   1261.6384      0.0865      0.1183
  22441.5000    285.3781    278.8086    279.1100    280.7489    -11.3178   1264.5458      0.0866      0.1183
  22501.5000    285.3671    278.7964    279.0979    280.7345    -11.3278   1267.4153      0.0867      0.1183
  22561.5000    285.3561    278.7842    279.0858    280.7202    -11.3364   1270.0715      0.0868      0.1183
  22621.5000    285.3451    278.7720    279.0736    280.7059    -11.3442   1272.6606      0.0869      0.1182
  22681.5000    285.3341    278.7598    279.0614    280.6915    -11.3493   1275.0331      0.0869      0.1182
  22741.5000    285.3231    278.7476    279.0493    280.6772    -11.3565   1277.5980      0.0870      0.1182
  22801.5000    285.3121    278.7354    279.0371    280.6630    -11.3634   1279.9766      0.0871      0.1181
  22861.5000    285.3011    278.7169    279.0189    280.6488    -11.3640   1276.0833      0.0870      0.1183
  22921.5000    285.2902    278.7047    279.0066    280.6333    -11.3657   1279.1367      0.0871      0.1182
  22981.5000    285.2792    278.6925    278.9944    280.6190    -11.3720   1281.6742      0.0872      0.1181
  23041.5000    285.2682    278.6803    278.9822    280.6046    -11.3784   1284.1544      0.0872      0.1181
  23101.5000    285.2572    278.6681    278.9700    280.5903    -11.3832   1286.5034      0.0873      0.1181
  23161.5000    285.2462    278.6559    278.9578    280.5760    -11.3882   1288.8328      0.0874      0.1180
  23221.5000    285.2361    278.6437    278.9457    280.5619    -11.3943   1291.0803      0.0874      0.1180
  23281.5000    285.2263    278.6315    278.9335    280.5480    -11.3998   1293.1907      0.0875      0.1180
  23341.5000    285.2166    278.6193    278.9212    280.5337    -11.4017   1295.1901      0.0876      0.1179
  23401.5000    285.2068    278.6071    278.9092    280.5204    -11.4127   1297.3120      0.0876      0.1179
  23461.5000    285.1971    278.5948    278.8970    280.5061    -11.4164   1299.5081      0.0877      0.1179
  23521.5000    285.1873    278.5826    278.8847    280.4917    -11.4149   1301.2821      0.0877      0.1178
  23581.5000    285.1775    278.5704    278.8725    280.4777    -11.4184   1303.2396      0.0878      0.1178
  23641.5000    285.1678    278.5582    278.8603    280.4641    -11.4240   1305.0570      0.0879      0.1177
  23701.5000    285.1580    278.5460    278.8481    280.4503    -11.4258   1306.6173      0.0879      0.1177
  23761.5000    285.1482    278.5338    278.8359    280.4366    -11.4296   1308.3989      0.0879      0.1177
  23821.5000    285.1385    278.5216    278.8237    280.4229    -11.4344   1310.2263      0.0880      0.1177
  23881.5000    285.1287    278.5094    278.8116    280.4094    -11.4426   1312.1830      0.0881      0.1176
  23941.5000    285.1189    278.4972    278.7994    280.3959    -11.4486   1313.9645      0.0881      0.1176
  24001.5000    285.1092    278.4850    278.7872    280.3819    -11.4499   1315.7000      0.0882      0.1176
  24061.5000    285.0994    278.4728    278.7749    280.3679    -11.4490   1317.2343      0.0882      0.1175
  24121.5000    285.0896    278.4606    278.7627    280.3543    -11.4511   1318.7407      0.0882      0.1175
  24181.5000    285.0799    278.4484    278.7504    280.3404    -11.4495   1320.0664      0.0883      0.1174
  24241.5000    285.0701    278.4362    278.7382    280.3268    -11.4507   1321.4821      0.0883      0.1174
  24301.5000    285.0603    278.4240    278.7259    280.3130    -11.4500   1322.8765      0.0883      0.1174
  24361.5000    285.0506    278.4117    278.7136    280.2990    -11.4490   1324.3568      0.0884      0.1173
  24421.5000    285.0408    278.3995    278.7013    280.2851    -11.4482   1325.8351      0.0884      0.1172
  24481.5000    285.0310    278.3873    278.6890    280.2711    -11.4447   1327.0909      0.0884      0.1172
  24541.5000    285.0213    278.3751    278.6767    280.2574    -11.4445   1328.4634      0.0885      0.1171
  24601.5000    285.0115    278.3629    278.6645    280.2436    -11.4442   1329.8606      0.0885      0.1171
  24661.5000    285.0017    278.3507    278.6522    280.2300    -11.4450   1331.2281      0.0885      0.1170
  24721.5000    284.9920    278.3385    278.6399    280.2160    -11.4433   1332.6818      0.0886      0.1170
  24781.5000    284.9822    278.3263    278.6276    280.2019    -11.4411   1334.2697      0.0886      0.1169
  24841.5000    284.9724    278.3141    278.6153    280.1877    -11.4377   1335.7051      0.0886      0.1169
  24901.5000    284.9627    278.3019    278.6029    280.1735    -11.4329   1337.1119      0.0886      0.1168
  24961.5000    284.9537    278.2897    278.5907    280.1602    -11.4349   1338.3618      0.0887      0.1168
  25021.5000    284.9451    278.2775    278.5785    280.1467    -11.4386   1339.9377      0.0887      0.1167
  25081.5000    284.9366    278.2653    278.5664    280.1339    -11.4469   1341.3844      0.0888      0.1167
  25141.5000    284.9280    278.2593    278.5603    280.1213    -11.4555   1348.8075      0.0890      0.1166
  25201.5000    284.9195    278.2471    278.5482    280.1088    -11.4605   1349.5951      0.0890      0.1166
  25261.5000    284.9109    278.2349    278.5360    280.0954    -11.4610   1350.6685      0.0890      0.1166
  25321.5000    284.9024    278.2227    278.5237    280.0821    -11.4613   1351.8138      0.0891      0.1165
  25381.5000    284.8939    278.2104    278.5115    280.0683    -11.4600   1353.0809      0.0891      0.1165
  25441.5000    284.8853    278.2045    278.5054    280.0565    -11.4674   1359.7572      0.0893      0.1163
  25501.5000    284.8768    278.1923    278.4932    280.0445    -11.4705   1359.8856      0.0893      0.1163
  25561.5000    284.8682    278.1801    278.4811    280.0319    -11.4744   1360.6310      0.0893      0.1163
  25621.5000    284.8597    278.1741    278.4749    280.0195    -11.4786   1367.6356      0.0895      0.1162
  25681.5000    284.8511    278.1619    278.4629    280.0078    -11.4853   1367.6995      0.0895      0.1162
  25741.5000    284.8426    278.1497    278.4507    279.9957    -11.4906   1368.1356      0.0895      0.1162
  25801.5000    284.8340    278.1437    278.4446    279.9837    -11.4963   1374.9041      0.0897      0.1161
  25861.5000    284.8255    278.1315    278.4325    279.9718    -11.4998   1374.8899      0.0897      0.1161
  25921.5000    284.8170    278.1193    278.4203    279.9591    -11.4984   1375.1536      0.0897      0.1161
  25981.5000    284.8084    278.1071    278.4080    279.9460    -11.4962   1375.6830      0.0897      0.1160
  26041.5000    284.7999    278.0948    278.3957    279.9331    -11.4941   1376.0884      0.0897      0.1160
  26101.5000    284.7913    278.0889    278.3895    279.9214    -11.4949   1382.1974      0.0898      0.1158
  26161.5000    284.7828    278.0767    278.3773    279.9094    -11.4963   1382.0798      0.0898      0.1159
  26221.5000    284.7742    278.0645    278.3651    279.8963    -11.4924   1382.4824      0.0898      0.1158
  26281.5000    284.7657    278.0522    278.3528    279.8839    -11.4900   1382.2484      0.0898      0.1158
  26341.5000    284.7571    278.0463    278.3466    279.8724    -11.4946   1388.6528      0.0900      0.1157
  26401.5000    284.7486    278.0341    278.3345    279.8607    -11.4961   1388.1818      0.0900      0.1157
  26461.5000    284.7401    278.0219    278.3224    279.8488    -11.4982   1388.0424      0.0900      0.1157
  26521.5000    284.7315    278.0159    278.3162    279.8365    -11.5044   1395.3939      0.0902      0.1155
  26581.5000    284.7230    278.0037    278.3040    279.8252    -11.5040   1394.2843      0.0901      0.1155
  26641.5000    284.7144    277.9915    278.2919    279.8133    -11.5051   1393.9900      0.0901      0.1156
  26701.5000    284.7059    277.9792    278.2797    279.8008    -11.5029   1393.9119      0.0901      0.1155
  26761.5000    284.6973    277.9670    278.2673    279.7879    -11.4984   1394.0698      0.0901      0.1155
  26821.5000    284.6888    277.9611    278.2610    279.7758    -11.4958   1400.3857      0.0903      0.1153
  26881.5000    284.6802    277.9489    278.2488    279.7640    -11.4939   1399.5812      0.0902      0.1153
  26941.5000    284.6720    277.9366    278.2365    279.7515    -11.4873   1399.0372      0.0902      0.1153
  27001.5000    284.6642    277.9244    278.2243    279.7391    -11.4835   1398.7473      0.0902      0.1153
  27061.5000    284.6569    277.9122    278.2119    279.7263    -11.4785   1398.7124      0.0902      0.1152
  27121.5000    284.6495    277.9063    278.2058    279.7149    -11.4802   1404.7092      0.0903      0.1151
  27181.5000    284.6422    277.8940    278.1935    279.7028    -11.4776   1404.2939      0.0903      0.1151
  27241.5000    284.6349    277.8818    278.1812    279.6900    -11.4726   1404.1560      0.0903      0.1150
  27301.5000    284.6276    277.8759    278.1750    279.6785    -11.4699   1409.8762      0.0904      0.1149
  27361.5000    284.6202    277.8636    278.1627    279.6664    -11.4637   1409.0038      0.0904      0.1148
  27421.5000    284.6129    277.8514    278.1504    279.6541    -11.4608   1408.5686      0.0904      0.1148
  27481.5000    284.6056    277.8455    278.1442    279.6425    -11.4584   1414.4976      0.0905      0.1146
  27541.5000    284.5983    277.8333    278.1319    279.6307    -11.4554   1413.5898      0.0905      0.1146
  27601.5000    284.5909    277.8210    278.1197    279.6183    -11.4513   1413.2191      0.0905      0.1146
  27661.5000    284.5836    277.8151    278.1133    279.6060    -11.4437   1419.3040      0.0906      0.1144
  27721.5000    284.5763    277.8029    278.1012    279.5948    -11.4447   1418.2056      0.0906      0.1144
  27781.5000    284.5690    277.7906    278.0889    279.5827    -11.4398   1417.4437      0.0905      0.1144
  27841.5000    284.5616    277.7847    278.0825    279.5703    -11.4332   1423.8822      0.0906      0.1142
  27901.5000    284.5543    277.7725    278.0703    279.5586    -11.4303   1422.8093      0.0906      0.1142
  27961.5000    284.5470    277.7603    278.0580    279.5463    -11.4232   1422.0160      0.0906      0.1142
  28021.5000    284.5397    277.7480    278.0456    279.5337    -11.4165   1421.5900      0.0906      0.1141
  28081.5000    284.5323    277.7421    278.0393    279.5219    -11.4119   1427.4865      0.0907      0.1140
  28141.5000    284.5250    277.7299    278.0271    279.5102    -11.4084   1426.4681      0.0906      0.1140
  28201.5000    284.5177    277.7177    278.0147    279.4977    -11.3989   1425.4969      0.0906      0.1139
  28261.5000    284.5104    277.7054    278.0024    279.4852    -11.3901   1424.7520      0.0906      0.1139
  28321.5000    284.5031    277.6995    277.9961    279.4738    -11.3856   1430.3494      0.0907      0.1137
  28381.5000    284.4957    277.6873    277.9838    279.4621    -11.3812   1429.1124      0.0906      0.1137
  28441.5000    284.4884    277.6750    277.9716    279.4501    -11.3770   1428.2861      0.0906      0.1137
  28501.5000    284.4811    277.6691    277.9652    279.4384    -11.3704   1434.0886      0.0907      0.1135
  28561.5000    284.4738    277.6569    277.9531    279.4273    -11.3701   1432.5770      0.0907      0.1135
  28621.5000    284.4664    277.6447    277.9409    279.4156    -11.3683   1431.7445      0.0907      0.1135
  28681.5000    284.4591    277.6387    277.9347    279.4051    -11.3684   1436.8840      0.0908      0.1134
  28741.5000    284.4518    277.6265    277.9226    279.3941    -11.3696   1435.5641      0.0908      0.1134
  28801.5000    284.4445    277.6205    277.9164    279.3835    -11.3684   1440.6797      0.0909      0.1133
  28861.5000    284.4371    277.6083    277.9043    279.3729    -11.3733   1439.3096      0.0909      0.1133
  28921.5000    284.4298    277.6023    277.8982    279.3625    -11.3740   1444.4994      0.0910      0.1132
  28981.5000    284.4225    277.5901    277.8861    279.3518    -11.3782   1443.1361      0.0910      0.1133
  29041.5000    284.4152    277.5841    277.8799    279.3413    -11.3789   1448.3953      0.0911      0.1131
  29101.5000    284.4078    277.5719    277.8678    279.3305    -11.3799   1446.7805      0.0910      0.1132
  29161.5000    284.4005    277.5659    277.8617    279.3201    -11.3801   1452.0020      0.0911      0.1131
  29221.5000    284.3932    277.5537    277.8495    279.3092    -11.3784   1450.1368      0.0911      0.1131
  29281.5000    284.3859    277.5477    277.8434    279.2990    -11.3791   1455.2677      0.0912      0.1130
  29341.5000    284.3785    277.5355    277.8312    279.2882    -11.3796   1453.4003      0.0912      0.1130
  29401.5000    284.3712    277.5295    277.8250    279.2773    -11.3760   1458.7430      0.0913      0.1128
  29461.5000    284.3639    277.5173    277.8129    279.2672    -11.3757   1456.0516      0.0912      0.1129
  29521.5000    284.3566    277.5114    277.8067    279.2568    -11.3759   1461.4209      0.0913      0.1128
  29581.5000    284.3492    277.4991    277.7947    279.2473    -11.3837   1458.9469      0.0913      0.1129
  29641.5000    284.3419    277.4932    277.7886    279.2375    -11.3850   1463.5964      0.0914      0.1128
  29701.5000    284.3352    277.4810    277.7765    279.2269    -11.3826   1461.2756      0.0914      0.1128
  29761.5000    284.3288    277.4750    277.7703    279.2171    -11.3829   1465.8501      0.0915      0.1127
  29821.5000    284.3227    277.4690    277.7642    279.2065    -11.3846   1471.6298      0.0916      0.1125
  29881.5000    284.3166    277.4568    277.7521    279.1971    -11.3844   1468.1289      0.0915      0.1126
  29941.5000    284.3105    277.4508    277.7459    279.1873    -11.3845   1472.7640      0.0916      0.1125
  30001.5000    284.3044    277.4386    277.7338    279.1769    -11.3826   1470.1914      0.0916      0.1126
  30061.5000    284.2982    277.4326    277.7276    279.1672    -11.3816   1474.4781      0.0917      0.1124
  30121.5000    284.2921    277.4266    277.7214    279.1568    -11.3769   1479.2588      0.0917      0.1123
  30181.5000    284.2860    277.4144    277.7093    279.1469    -11.3763   1476.2373      0.0917      0.1124
  30241.5000    284.2799    277.4084    277.7030    279.1369    -11.3722   1480.5878      0.0918      0.1122
  30301.5000    284.2738    277.3962    277.6909    279.1265    -11.3679   1477.7904      0.0917      0.1123
  30361.5000    284.2677    277.3903    277.6845    279.1163    -11.3594   1481.7625      0.0918      0.1121
  30421.5000    284.2616    277.3781    277.6724    279.1060    -11.3545   1478.8177      0.0917      0.1121
  30481.5000    284.2555    277.3721    277.6662    279.0963    -11.3527   1483.0637      0.0918      0.1120
  30541.5000    284.2494    277.3661    277.6600    279.0862    -11.3501   1487.7688      0.0919      0.1119
  30601.5000    284.2433    277.3539    277.6479    279.0767    -11.3498   1484.2518      0.0918      0.1120
  30661.5000    284.2372    277.3479    277.6418    279.0674    -11.3497   1488.3320      0.0919      0.1119
  30721.5000    284.2311    277.3419    277.6356    279.0576    -11.3499   1493.0892      0.0920      0.1117
  30781.5000    284.2250    277.3297    277.6236    279.0482    -11.3524   1489.7406      0.0919      0.1118
  30841.5000    284.2189    277.3237    277.6175    279.0390    -11.3520   1493.6637      0.0920      0.1117
  30901.5000    284.2128    277.3177    277.6113    279.0295    -11.3521   1498.0941      0.0921      0.1116
  30961.5000    284.2067    277.3055    277.5992    279.0200    -11.3520   1494.5836      0.0920      0.1117
  31021.5000    284.2006    277.2996    277.5931    279.0106    -11.3491   1498.4019      0.0921      0.1116
  31081.5000    284.1945    277.2936    277.5869    279.0007    -11.3457   1502.9268      0.0922      0.1115
  31141.5000    284.1884    277.2814    277.5748    278.9912    -11.3452   1499.3010      0.0921      0.1115
  31201.5000    284.1823    277.2754    277.5686    278.9817    -11.3419   1503.2938      0.0922      0.1114
  31261.5000    284.1762    277.2632    277.5565    278.9716    -11.3392   1500.0787      0.0921      0.1115
  31321.5000    284.1701    277.2572    277.5502    278.9621    -11.3336   1503.7871      0.0922      0.1113
  31381.5000    284.1640    277.2512    277.5440    278.9523    -11.3305   1508.2661      0.0923      0.1112
  31441.5000    284.1579    277.2390    277.5319    278.9427    -11.3267   1504.4257      0.0922      0.1113
  31501.5000    284.1518    277.2330    277.5257    278.9329    -11.3242   1508.8728      0.0923      0.1112
  31561.5000    284.1457    277.2208    277.5135    278.9227    -11.3195   1505.6100      0.0922      0.1112
  31621.5000    284.1396    277.2148    277.5073    278.9131    -11.3152   1509.5140      0.0922      0.1111
  31681.5000    284.1335    277.2089    277.5010    278.9032    -11.3107   1514.0483      0.0923      0.1109
  31741.5000    284.1273    277.1967    277.4889    278.8934    -11.3053   1510.0956      0.0922      0.1110
  31801.5000    284.1212    277.1907    277.4825    278.8829    -11.2949   1514.5048      0.0923      0.1108
  31861.5000    284.1151    277.1785    277.4703    278.8731    -11.2888   1510.5562      0.0922      0.1109
  31921.5000    284.1090    277.1725    277.4640    278.8628    -11.2796   1514.9332      0.0923      0.1107
  31981.5000    284.1029    277.1603    277.4518    278.8526    -11.2731   1511.2429      0.0922      0.1107
  32041.5000    284.0968    277.1543    277.4454    278.8416    -11.2601   1516.1230      0.0922      0.1105
  32101.5000    284.0907    277.1421    277.4331    278.8317    -11.2513   1511.8605      0.0921      0.1106
  32161.5000    284.0846    277.1299    277.4208    278.8206    -11.2396   1508.7566      0.0920      0.1106
  32221.5000    284.0785    277.1239    277.4145    278.8107    -11.2323   1512.9481      0.0921      0.1104
  32281.5000    284.0724    277.1117    277.4022    278.7999    -11.2220   1509.6279      0.0920      0.1104
  32341.5000    284.0663    277.1057    277.3959    278.7898    -11.2133   1513.7252      0.0921      0.1103
  32401.5000    284.0602    277.0935    277.3837    278.7796    -11.2089   1510.4600      0.0920      0.1103
  32461.5000    284.0541    277.0875    277.3775    278.7700    -11.2027   1514.4066      0.0921      0.1102
  32521.5000    284.0480    277.0753    277.3652    278.7594    -11.1948   1511.1132      0.0920      0.1102
  32581.5000    284.0419    277.0693    277.3589    278.7496    -11.1862   1514.9657      0.0920      0.1101
  32641.5000    284.0358    277.0634    277.3527    278.7392    -11.1844   1520.3995      0.0921      0.1099
  32701.5000    284.0297    277.0511    277.3405    278.7295    -11.1734   1515.6426      0.0920      0.1099
  32761.5000    284.0236    277.0452    277.3342    278.7191    -11.1667   1520.4030      0.0921      0.1098
  32821.5000    284.0175    277.0330    277.3220    278.7093    -11.1594   1516.1687      0.0920      0.1098
  32881.5000    284.0114    277.0270    277.3157    278.6990    -11.1523   1520.8871      0.0921      0.1097
  32941.5000    284.0053    277.0148    277.3035    278.6894    -11.1470   1516.6599      0.0920      0.1097
  33001.5000    283.9992    277.0088    277.2972    278.6794    -11.1384   1520.7159      0.0920      0.1096
  33061.5000    283.9931    276.9966    277.2850    278.6694    -11.1315   1516.8325      0.0919      0.1096
  33121.5000    283.9870    276.9906    277.2787    278.6594    -11.1232   1521.0482      0.0920      0.1095
  33181.5000    283.9809    276.9784    277.2666    278.6496    -11.1211   1517.3914      0.0919      0.1095
  33241.5000    283.9748    276.9724    277.2604    278.6402    -11.1173   1521.3712      0.0920      0.1094
  33301.5000    283.9689    276.9664    277.2542    278.6304    -11.1138   1525.9232      0.0921      0.1093
  33361.5000    283.9634    276.9542    277.2422    278.6218    -11.1181   1521.6025      0.0920      0.1094
  33421.5000    283.9581    276.9482    277.2361    278.6136    -11.1200   1524.8652      0.0921      0.1093
  33481.5000    283.9532    276.9423    277.2301    278.6052    -11.1227   1528.2441      0.0922      0.1093
  33541.5000    283.9483    276.9363    277.2239    278.5966    -11.1180   1531.0592      0.0922      0.1092
  33601.5000    283.9434    276.9303    277.2178    278.5881    -11.1161   1534.2131      0.0923      0.1091
  33661.5000    283.9385    276.9243    277.2117    278.5797    -11.1166   1537.4170      0.0923      0.1090
  33721.5000    283.9337    276.9183    277.2057    278.5714    -11.1199   1540.9423      0.0924      0.1090
  33781.5000    283.9288    276.9061    277.1936    278.5628    -11.1179   1535.6846      0.0923      0.1091
  33841.5000    283.9239    276.9001    277.1876    278.5544    -11.1180   1538.8492      0.0924      0.1090
  33901.5000    283.9190    276.8942    277.1815    278.5462    -11.1174   1541.7572      0.0924      0.1089
  33961.5000    283.9141    276.8882    277.1753    278.5380    -11.1146   1544.3867      0.0925      0.1088
  34021.5000    283.9092    276.8822    277.1692    278.5295    -11.1114   1547.3068      0.0925      0.1087
  34081.5000    283.9044    276.8762    277.1631    278.5214    -11.1092   1549.9125      0.0926      0.1087
  34141.5000    283.8995    276.8702    277.1570    278.5131    -11.1106   1553.1873      0.0926      0.1086
  34201.5000    283.8946    276.8580    277.1449    278.5049    -11.1059   1546.9976      0.0925      0.1087
  34261.5000    283.8897    276.8521    277.1389    278.4970    -11.1059   1549.4401      0.0926      0.1086
  34321.5000    283.8848    276.8461    277.1328    278.4890    -11.1039   1552.0035      0.0926      0.1086
  34381.5000    283.8799    276.8401    277.1267    278.4810    -11.1031   1554.5630      0.0927      0.1085
  34441.5000    283.8751    276.8341    277.1206    278.4729    -11.1028   1557.3726      0.0927      0.1084
  34501.5000    283.8702    276.8281    277.1145    278.4649    -11.1000   1559.7681      0.0928      0.1084
  34561.5000    283.8653    276.8221    277.1084    278.4574    -11.1007   1562.0107      0.0928      0.1083
  34621.5000    283.8604    276.8162    277.1023    278.4492    -11.0999   1564.8708      0.0929      0.1082
  34681.5000    283.8555    276.8040    277.0903    278.4412    -11.0992   1558.8721      0.0927      0.1084
  34741.5000    283.8506    276.7980    277.0843    278.4336    -11.0977   1560.8076      0.0928      0.1083
  34801.5000    283.8458    276.7920    277.0782    278.4258    -11.0962   1563.0088      0.0928      0.1082
  34861.5000    283.8409    276.7860    277.0721    278.4182    -11.0952   1565.2070      0.0929      0.1082
  34921.5000    283.8360    276.7800    277.0660    278.4104    -11.0939   1567.4993      0.0929      0.1081
  34981.5000    283.8311    276.7740    277.0599    278.4028    -11.0935   1569.6638      0.0929      0.1081
  35041.5000    283.8262    276.7681    277.0539    278.3950    -11.0917   1571.9739      0.0930      0.1080
  35101.5000    283.8214    276.7621    277.0477    278.3870    -11.0888   1574.3604      0.0930      0.1079
  35161.5000    283.8165    276.7561    277.0417    278.3793    -11.0882   1576.6545      0.0931      0.1079
  35221.5000    283.8116    276.7501    277.0356    278.3712    -11.0864   1579.2872      0.0931      0.1078
  35281.5000    283.8067    276.7379    277.0235    278.3632    -11.0852   1573.0574      0.0930      0.1079
  35341.5000    283.8018    276.7319    277.0174    278.3553    -11.0812   1575.0834      0.0930      0.1079
  35401.5000    283.7969    276.7260    277.0112    278.3472    -11.0761   1577.4374      0.0931      0.1078
  35461.5000    283.7921    276.7200    277.0051    278.3391    -11.0712   1579.7402      0.0931      0.1077
  35521.5000    283.7872    276.7140    276.9989    278.3309    -11.0660   1582.1040      0.0931      0.1076
  35581.5000    283.7823    276.7080    276.9928    278.3224    -11.0634   1585.2712      0.0932      0.1075
  35641.5000    283.7774    276.6958    276.9807    278.3139    -11.0563   1578.8190      0.0930      0.1076
  35701.5000    283.7725    276.6898    276.9744    278.3054    -11.0454   1580.8972      0.0931      0.1075
  35761.5000    283.7676    276.6838    276.9680    278.2966    -11.0328   1583.1503      0.0931      0.1073
  35821.5000    283.7628    276.6716    276.9559    278.2878    -11.0267   1577.2582      0.0929      0.1074
  35881.5000    283.7579    276.6656    276.9498    278.2800    -11.0235   1579.3315      0.0930      0.1074
  35941.5000    283.7530    276.6597    276.9437    278.2722    -11.0217   1581.6420      0.0930      0.1073
  36001.5000    283.7481    276.6537    276.9376    278.2645    -11.0193   1583.7987      0.0930      0.1072
  36061.5000    283.7432    276.6477    276.9315    278.2565    -11.0139   1585.8898      0.0931      0.1072
  36121.5000    283.7383    276.6417    276.9252    278.2480    -11.0068   1588.3575      0.0931      0.1070
  36181.5000    283.7335    276.6357    276.9192    278.2401    -11.0063   1590.9727      0.0932      0.1070
  36241.5000    283.7286    276.6235    276.9070    278.2320    -10.9968   1583.7081      0.0930      0.1071
  36301.5000    283.7237    276.6176    276.9008    278.2239    -10.9897   1585.7476      0.0930      0.1070
  36361.5000    283.7188    276.6116    276.8946    278.2158    -10.9839   1587.9142      0.0930      0.1069
  36421.5000    283.7139    276.6056    276.8884    278.2075    -10.9764   1590.1617      0.0931      0.1068
  36481.5000    283.7090    276.5996    276.8824    278.1995    -10.9759   1592.9222      0.0931      0.1067
  36541.5000    283.7042    276.5874    276.8702    278.1916    -10.9687   1585.6019      0.0930      0.1068
  36601.5000    283.6993    276.5814    276.8641    278.1837    -10.9642   1587.7041      0.0930      0.1068
  36661.5000    283.6944    276.5754    276.8579    278.1756    -10.9569   1589.6182      0.0930      0.1067
  36721.5000    283.6895    276.5695    276.8516    278.1671    -10.9473   1591.8929      0.0930      0.1066
  36781.5000    283.6846    276.5573    276.8395    278.1587    -10.9418   1585.5194      0.0929      0.1067
  36841.5000    283.6797    276.5513    276.8333    278.1505    -10.9340   1587.4595      0.0929      0.1066
  36901.5000    283.6749    276.5453    276.8271    278.1424    -10.9254   1589.3688      0.0929      0.1065
  36961.5000    283.6700    276.5393    276.8209    278.1344    -10.9192   1591.4176      0.0929      0.1064
  37021.5000    283.6651    276.5333    276.8148    278.1263    -10.9138   1593.7648      0.0930      0.1063
  37081.5000    283.6602    276.5211    276.8027    278.1183    -10.9110   1587.0309      0.0928      0.1064
  37141.5000    283.6553    276.5151    276.7965    278.1103    -10.9052   1589.0403      0.0929      0.1063
  37201.5000    283.6505    276.5092    276.7904    278.1023    -10.8985   1591.0160      0.0929      0.1063
  37261.5000    283.6456    276.5032    276.7841    278.0941    -10.8908   1593.0332      0.0929      0.1062
  37321.5000    283.6407    276.4972    276.7779    278.0857    -10.8831   1595.5598      0.0929      0.1060
  37381.5000    283.6358    276.4850    276.7659    278.0777    -10.8804   1588.8916      0.0928      0.1062
  37441.5000    283.6309    276.4790    276.7597    278.0698    -10.8749   1590.7366      0.0928      0.1061
  37501.5000    283.6260    276.4730    276.7536    278.0618    -10.8689   1592.8125      0.0928      0.1060
  37561.5000    283.6212    276.4670    276.7474    278.0539    -10.8636   1594.8779      0.0929      0.1059
  37621.5000    283.6163    276.4611    276.7413    278.0464    -10.8605   1596.6729      0.0929      0.1059
  37681.5000    283.6114    276.4551    276.7352    278.0385    -10.8575   1599.0272      0.0929      0.1058
  37741.5000    283.6065    276.4429    276.7231    278.0304    -10.8527   1592.1167      0.0928      0.1059
  37801.5000    283.6016    276.4369    276.7170    278.0228    -10.8484   1593.8309      0.0928      0.1058
  37861.5000    283.5967    276.4309    276.7108    278.0151    -10.8441   1595.6309      0.0928      0.1058
  37921.5000    283.5919    276.4249    276.7047    278.0073    -10.8368   1597.3217      0.0928      0.1057
  37981.5000    283.5874    276.4189    276.6985    277.9997    -10.8333   1599.1581      0.0929      0.1056
  38041.5000    283.5831    276.4130    276.6925    277.9925    -10.8327   1600.7791      0.0929      0.1056
  38101.5000    283.5788    276.4070    276.6864    277.9851    -10.8310   1602.5310      0.0929      0.1055
  38161.5000    283.5748    276.4010    276.6804    277.9778    -10.8302   1604.3248      0.0930      0.1055
  38221.5000    283.5710    276.3950    276.6743    277.9702    -10.8262   1606.1527      0.0930      0.1054
  38281.5000    283.5673    276.3890    276.6682    277.9628    -10.8232   1607.8116      0.0930      0.1054
  38341.5000    283.5637    276.3831    276.6621    277.9556    -10.8202   1609.1620      0.0930      0.1053
  38401.5000    283.5600    276.3771    276.6560    277.9484    -10.8175   1610.5458      0.0931      0.1053
  38461.5000    283.5563    276.3711    276.6499    277.9409    -10.8132   1612.0704      0.0931      0.1052
  38521.5000    283.5527    276.3651    276.6438    277.9336    -10.8083   1613.3396      0.0931      0.1051
  38581.5000    283.5490    276.3591    276.6376    277.9261    -10.8029   1614.8401      0.0931      0.1051
  38641.5000    283.5453    276.3531    276.6315    277.9188    -10.7979   1616.0000      0.0931      0.1050
  38701.5000    283.5417    276.3472    276.6254    277.9115    -10.7926   1617.2520      0.0931      0.1049
  38761.5000    283.5380    276.3412    276.6193    277.9041    -10.7878   1618.6409      0.0931      0.1049
  38821.5000    283.5344    276.3352    276.6131    277.8967    -10.7827   1620.0156      0.0931      0.1048
  38881.5000    283.5307    276.3292    276.6070    277.8893    -10.7772   1621.3440      0.0932      0.1047
  38941.5000    283.5270    276.3232    276.6008    277.8816    -10.7693   1622.7417      0.0932      0.1047
  39001.5000    283.5234    276.3173    276.5947    277.8744    -10.7650   1623.9789      0.0932      0.1046
  39061.5000    283.5197    276.3113    276.5886    277.8673    -10.7616   1625.1492      0.0932      0.1046
  39121.5000    283.5161    276.3053    276.5825    277.8601    -10.7582   1626.3300      0.0932      0.1045
  39181.5000    283.5124    276.2993    276.5764    277.8528    -10.7537   1627.6792      0.0932      0.1045
  39241.5000    283.5087    276.2933    276.5703    277.8454    -10.7481   1629.0160      0.0932      0.1044
  39301.5000    283.5051    276.2874    276.5641    277.8377    -10.7402   1630.4275      0.0932      0.1043
  39361.5000    283.5014    276.2814    276.5580    277.8306    -10.7366   1631.5481      0.0932      0.1043
  39421.5000    283.4977    276.2754    276.5519    277.8235    -10.7329   1632.7808      0.0933      0.1042
  39481.5000    283.4941    276.2694    276.5458    277.8163    -10.7276   1633.8397      0.0933      0.1041
  39541.5000    283.4904    276.2634    276.5397    277.8092    -10.7235   1634.7855      0.0933      0.1041
  39601.5000    283.4868    276.2574    276.5335    277.8020    -10.7181   1635.8309      0.0933      0.1040
  39661.5000    283.4831    276.2515    276.5274    277.7947    -10.7125   1636.9885      0.0933      0.1040
  39721.5000    283.4794    276.2455    276.5213    277.7874    -10.7064   1638.0763      0.0933      0.1039
  39781.5000    283.4758    276.2395    276.5151    277.7802    -10.7005   1639.1860      0.0933      0.1038
  39841.5000    283.4721    276.2335    276.5090    277.7730    -10.6952   1640.2061      0.0933      0.1038
  39901.5000    283.4684    276.2275    276.5029    277.7658    -10.6888   1641.0602      0.0933      0.1037
  39961.5000    283.4648    276.2216    276.4967    277.7588    -10.6818   1641.6824      0.0933      0.1037
  40021.5000    283.4611    276.2156    276.4906    277.7518    -10.6774   1642.4490      0.0933      0.1036
  40081.5000    283.4575    276.2096    276.4845    277.7447    -10.6707   1643.1266      0.0933      0.1036
  40141.5000    283.4538    276.2036    276.4784    277.7377    -10.6659   1643.9399      0.0933      0.1035
  40201.5000    283.4501    276.1976    276.4723    277.7307    -10.6605   1644.6979      0.0933      0.1035
  40261.5000    283.4465    276.1917    276.4662    277.7240    -10.6584   1645.5001      0.0933      0.1034
  40321.5000    283.4428    276.1857    276.4602    277.7175    -10.6573   1646.0913      0.0933      0.1034
  40381.5000    283.4391    276.1797    276.4541    277.7107    -10.6541   1646.8719      0.0933      0.1034
  40441.5000    283.4355    276.1737    276.4481    277.7039    -10.6507   1647.5106      0.0933      0.1033
  40501.5000    283.4318    276.1677    276.4420    277.6972    -10.6471   1648.0717      0.0933      0.1033
  40561.5000    283.4282    276.1617    276.4359    277.6903    -10.6425   1648.7682      0.0933      0.1032
  40621.5000    283.4245    276.1558    276.4297    277.6831    -10.6366   1649.7206      0.0933      0.1032
  40681.5000    283.4208    276.1498    276.4236    277.6758    -10.6278   1650.5695      0.0933      0.1031
  40741.5000    283.4172    276.1438    276.4174    277.6684    -10.6204   1651.5741      0.0933      0.1030
  40801.5000    283.4135    276.1378    276.4113    277.6613    -10.6135   1652.2247      0.0933      0.1030
  40861.5000    283.4099    276.1318    276.4051    277.6541    -10.6067   1653.0758      0.0933      0.1029
  40921.5000    283.4062    276.1259    276.3990    277.6471    -10.6015   1653.9526      0.0933      0.1029
  40981.5000    283.4025    276.1199    276.3929    277.6401    -10.5962   1654.6947      0.0933      0.1028
  41041.5000    283.3989    276.1139    276.3867    277.6331    -10.5900   1655.4155      0.0933      0.1028
  41101.5000    283.3952    276.1079    276.3807    277.6261    -10.5857   1656.1654      0.0933      0.1027
  41161.5000    283.3915    276.1019    276.3746    277.6191    -10.5810   1657.0142      0.0933      0.1027
  41221.5000    283.3879    276.0959    276.3684    277.6119    -10.5730   1657.6942      0.0933      0.1026
  41281.5000    283.3842    276.0900    276.3623    277.6048    -10.5669   1658.5331      0.0933      0.1025
  41341.5000    283.3806    276.0840    276.3561    277.5978    -10.5604   1659.1554      0.0933      0.1025
  41401.5000    283.3769    276.0780    276.3500    277.5908    -10.5556   1659.9966      0.0933      0.1024
  41461.5000    283.3732    276.0720    276.3439    277.5838    -10.5493   1660.6373      0.0933      0.1024
  41521.5000    283.3696    276.0660    276.3378    277.5769    -10.5453   1661.4639      0.0933      0.1023
  41581.5000    283.3659    276.0601    276.3316    277.5698    -10.5377   1662.0128      0.0933      0.1023
  41641.5000    283.3622    276.0541    276.3255    277.5627    -10.5306   1662.7476      0.0933      0.1022
  41701.5000    283.3586    276.0481    276.3194    277.5557    -10.5242   1663.3411      0.0933      0.1022
  41761.5000    283.3549    276.0421    276.3132    277.5487    -10.5169   1663.8392      0.0933      0.1021
  41821.5000    283.3513    276.0361    276.3071    277.5417    -10.5096   1664.3859      0.0933      0.1020
  41881.5000    283.3476    276.0302    276.3009    277.5348    -10.5034   1664.9189      0.0933      0.1020
  41941.5000    283.3439    276.0242    276.2949    277.5279    -10.4990   1665.5717      0.0933      0.1019
  42001.5000    283.3403    276.0182    276.2887    277.5209    -10.4934   1666.2034      0.0933      0.1019
  42061.5000    283.3366    276.0122    276.2827    277.5142    -10.4899   1666.8428      0.0933      0.1018
  42121.5000    283.3329    276.0062    276.2766    277.5075    -10.4857   1667.4358      0.0933      0.1018
  42181.5000    283.3293    276.0002    276.2705    277.5007    -10.4827   1668.1218      0.0933      0.1018
  42241.5000    283.3256    275.9943    276.2644    277.4937    -10.4746   1668.5111      0.0932      0.1017
  42301.5000    283.3220    275.9883    276.2582    277.4870    -10.4689   1668.7032      0.0932      0.1017
  42361.5000    283.3183    275.9823    276.2522    277.4805    -10.4656   1668.9905      0.0932      0.1016
  42421.5000    283.3146    275.9825    276.2520    277.4740    -10.4587   1679.2053      0.0934      0.1014
  42481.5000    283.3110    275.9766    276.2459    277.4676    -10.4529   1678.9878      0.0934      0.1014
  42541.5000    283.3073    275.9706    276.2398    277.4612    -10.4469   1678.6847      0.0934      0.1013
  42601.5000    283.3036    275.9646    276.2338    277.4549    -10.4434   1678.5878      0.0933      0.1013
  42661.5000    283.3000    275.9586    276.2278    277.4489    -10.4438   1678.6982      0.0934      0.1013
  42721.5000    283.2963    275.9526    276.2218    277.4427    -10.4427   1678.6122      0.0934      0.1013
  42781.5000    283.2927    275.9467    276.2157    277.4365    -10.4396   1678.6243      0.0933      0.1013
  42841.5000    283.2890    275.9407    276.2097    277.4302    -10.4387   1678.9506      0.0933      0.1013
  42901.5000    283.2853    275.9347    276.2037    277.4241    -10.4387   1678.9888      0.0933      0.1013
  42961.5000    283.2817    275.9349    276.2036    277.4179    -10.4358   1689.4760      0.0935      0.1010
  43021.5000    283.2780    275.9290    276.1976    277.4119    -10.4315   1688.7865      0.0935      0.1010
  43081.5000    283.2744    275.9230    276.1916    277.4059    -10.4284   1688.2169      0.0935      0.1010
  43141.5000    283.2707    275.9170    276.1855    277.3997    -10.4257   1688.1968      0.0935      0.1010
  43201.5000    283.2670    275.9110    276.1795    277.3936    -10.4253   1688.0751      0.0935      0.1010
  43261.5000    283.2634    275.9050    276.1735    277.3875    -10.4225   1687.9387      0.0935      0.1010
  43321.5000    283.2597    275.8990    276.1675    277.3814    -10.4216   1687.8887      0.0935      0.1010
  43381.5000    283.2560    275.8931    276.1616    277.3755    -10.4232   1687.8793      0.0935      0.1010
  43441.5000    283.2524    275.8933    276.1614    277.3697    -10.4185   1697.6270      0.0936      0.1007
  43501.5000    283.2487    275.8873    276.1554    277.3636    -10.4147   1697.0614      0.0936      0.1007
  43561.5000    283.2451    275.8813    276.1493    277.3574    -10.4102   1696.6893      0.0936      0.1007
  43621.5000    283.2414    275.8754    276.1432    277.3511    -10.4061   1696.4926      0.0936      0.1007
  43681.5000    283.2377    275.8694    276.1372    277.3447    -10.4007   1696.3448      0.0936      0.1006
  43741.5000    283.2341    275.8634    276.1310    277.3382    -10.3938   1696.1077      0.0935      0.1006
  43801.5000    283.2304    275.8574    276.1250    277.3317    -10.3893   1696.1449      0.0935      0.1006
  43861.5000    283.2267    275.8514    276.1189    277.3252    -10.3843   1696.0682      0.0935      0.1005
  43921.5000    283.2231    275.8455    276.1128    277.3186    -10.3778   1695.9501      0.0935      0.1005
  43981.5000    283.2194    275.8395    276.1066    277.3119    -10.3694   1695.8406      0.0935      0.1004
  44041.5000    283.2158    275.8335    276.1005    277.3054    -10.3629   1695.7195      0.0935      0.1004
  44101.5000    283.2121    275.8275    276.0945    277.2990    -10.3582   1695.4781      0.0934      0.1004
  44161.5000    283.2084    275.8215    276.0883    277.2926    -10.3526   1695.1819      0.0934      0.1003
  44221.5000    283.2048    275.8156    276.0823    277.2863    -10.3470   1694.9016      0.0934      0.1003
  44281.5000    283.2011    275.8096    276.0761    277.2797    -10.3395   1694.6169      0.0934      0.1003
  44341.5000    283.1974    275.8036    276.0701    277.2734    -10.3343   1694.3281      0.0934      0.1002
  44401.5000    283.1938    275.7976    276.0640    277.2669    -10.3285   1694.2163      0.0933      0.1002
  44461.5000    283.1901    275.7916    276.0578    277.2603    -10.3219   1694.0848      0.0933      0.1002
  44521.5000    283.1865    275.7919    276.0577    277.2542    -10.3155   1704.1062      0.0935      0.0999
  44581.5000    283.1828    275.7859    276.0516    277.2480    -10.3114   1703.7540      0.0935      0.0999
  44641.5000    283.1791    275.7799    276.0456    277.2422    -10.3112   1703.3860      0.0935      0.0999
  44701.5000    283.1755    275.7739    276.0396    277.2362    -10.3098   1703.1504      0.0934      0.0999
  44761.5000    283.1718    275.7679    276.0336    277.2299    -10.3079   1703.2225      0.0934      0.0999
  44821.5000    283.1682    275.7620    276.0275    277.2235    -10.3015   1702.7371      0.0934      0.0998
  44881.5000    283.1645    275.7560    276.0215    277.2174    -10.2980   1702.4203      0.0934      0.0998
  44941.5000    283.1608    275.7500    276.0154    277.2113    -10.2940   1701.8607      0.0934      0.0998
  45001.5000    283.1572    275.7440    276.0094    277.2053    -10.2902   1701.2892      0.0934      0.0998
  45061.5000    283.1535    275.7443    276.0092    277.1992    -10.2840   1711.5018      0.0935      0.0996
  45121.5000    283.1498    275.7383    276.0031    277.1933    -10.2787   1710.3037      0.0935      0.0995
  45181.5000    283.1462    275.7323    275.9972    277.1877    -10.2768   1709.2332      0.0935      0.0996
  45241.5000    283.1425    275.7263    275.9911    277.1818    -10.2735   1708.5610      0.0934      0.0995
  45301.5000    283.1389    275.7203    275.9851    277.1758    -10.2718   1708.1274      0.0934      0.0995
  45361.5000    283.1352    275.7144    275.9792    277.1701    -10.2709   1707.4857      0.0934      0.0995
  45421.5000    283.1315    275.7084    275.9731    277.1641    -10.2676   1706.8301      0.0934      0.0995
  45481.5000    283.1279    275.7024    275.9671    277.1582    -10.2650   1706.2227      0.0934      0.0995
  45541.5000    283.1242    275.7026    275.9669    277.1523    -10.2587   1716.1968      0.0935      0.0993
  45601.5000    283.1205    275.6967    275.9609    277.1464    -10.2543   1715.2333      0.0935      0.0993
  45661.5000    283.1169    275.6907    275.9549    277.1406    -10.2513   1714.3472      0.0935      0.0993
  45721.5000    283.1133    275.6847    275.9488    277.1346    -10.2467   1713.5730      0.0935      0.0993
  45781.5000    283.1098    275.6787    275.9427    277.1284    -10.2423   1713.0524      0.0934      0.0992
  45841.5000    283.1066    275.6727    275.9367    277.1226    -10.2401   1712.3989      0.0934      0.0992
  45901.5000    283.1034    275.6667    275.9307    277.1166    -10.2365   1711.6849      0.0934      0.0992
  45961.5000    283.1004    275.6670    275.9305    277.1108    -10.2304   1721.5564      0.0936      0.0990
  46021.5000    283.0973    275.6610    275.9245    277.1053    -10.2260   1719.7678      0.0935      0.0990
  46081.5000    283.0943    275.6550    275.9186    277.1002    -10.2272   1718.4425      0.0935      0.0990
  46141.5000    283.0914    275.6490    275.9127    277.0946    -10.2275   1717.6182      0.0935      0.0991
  46201.5000    283.0887    275.6493    275.9125    277.0891    -10.2230   1727.3229      0.0937      0.0988
  46261.5000    283.0859    275.6433    275.9065    277.0839    -10.2181   1725.1143      0.0936      0.0988
  46321.5000    283.0834    275.6373    275.9006    277.0788    -10.2204   1723.6945      0.0936      0.0989
  46381.5000    283.0809    275.6313    275.8947    277.0736    -10.2211   1722.4299      0.0936      0.0989
  46441.5000    283.0785    275.6316    275.8946    277.0684    -10.2161   1731.3558      0.0937      0.0987
  46501.5000    283.0760    275.6256    275.8886    277.0630    -10.2145   1730.0266      0.0937      0.0987
  46561.5000    283.0736    275.6196    275.8826    277.0572    -10.2139   1729.4709      0.0937      0.0987
  46621.5000    283.0712    275.6199    275.8825    277.0515    -10.2085   1739.2902      0.0938      0.0985
  46681.5000    283.0687    275.6139    275.8765    277.0461    -10.2042   1737.6100      0.0938      0.0985
  46741.5000    283.0663    275.6079    275.8705    277.0403    -10.2024   1736.9091      0.0938      0.0985
  46801.5000    283.0638    275.6019    275.8644    277.0343    -10.1988   1736.0610      0.0937      0.0985
  46861.5000    283.0614    275.6022    275.8643    277.0286    -10.1906   1745.7739      0.0939      0.0983
  46921.5000    283.0590    275.5962    275.8582    277.0227    -10.1828   1744.1425      0.0938      0.0982
  46981.5000    283.0565    275.5902    275.8521    277.0168    -10.1773   1742.9556      0.0938      0.0982
  47041.5000    283.0541    275.5842    275.8460    277.0110    -10.1726   1741.7529      0.0938      0.0982
  47101.5000    283.0516    275.5782    275.8400    277.0051    -10.1678   1740.6396      0.0937      0.0982
