      1.0833   3900.0000    300.0000  97666.7266 118181.1094   4537.5786  22718.7188      154124.7           0.0
************      0.0000
      1.1667   4200.0000    300.0000  99416.9688 119120.4609   3022.5469  21429.4043      154671.2           0.0
************      0.0000
      1.2500   4500.0000    300.0000 100184.4063 119517.2734   1757.1918  20228.4082      154950.3           0.0
************      0.0000
      1.3333   4800.0000    300.0000 100690.6875 119728.2891    693.7509  19101.8867      155098.1           0.0
************      0.0000
      1.4167   5100.0000    300.0000 101021.1875 119811.9453   -211.8938  18041.4785      155107.5           0.0
************      0.0000
      1.5000   5400.0000    300.0000 101264.8516 119751.6797   -845.6957  17039.6152      154994.9           0.0
************      0.0000
      1.5833   5700.0000    300.0000 101399.2500 119597.8750  -1342.5371  16088.7461      154807.1           0.0
************      0.0000
      1.6667   6000.0000    300.0000 101451.8750 119379.8438  -1738.0963  15184.8809      154561.6           0.0
************      0.0000
      1.7500   6300.0000    300.0000 101437.0156 119104.8594  -2034.2991  14323.0635      154258.7           0.0
************      0.0000
      1.8333   6600.0000    300.0000 101354.7734 118772.3750  -2243.8840  13499.0293      153899.4           0.0
************      0.0000
      1.9167   6900.0000    300.0000 101204.4375 118376.2734  -2353.9011  12709.0625      153474.6           0.0
************      0.0000
      2.0000   7200.0000    300.0000 100983.2891 117912.0938  -2358.9517  11949.1113      152974.8           0.0
************      0.0000
      2.0833   7500.0000    300.0000 100686.1250 117372.6875  -2251.2009  11216.8926      152394.5           0.0
************      0.0000
      2.1667   7800.0000    300.0000 100308.2734 116753.0547  -2039.2783  10505.4453      151747.7           0.0
************      0.0000
      2.2500   8100.0000    300.0000  99863.9688 116077.4141  -1748.6917   9813.2676      151050.2           0.0
************      0.0000
      2.3333   8400.0000    300.0000  99383.7813 115397.6406  -1459.8214   9140.0322      150414.7           0.0
************      0.0000
      2.4167   8700.0000    300.0000  98961.5078 114852.9688  -1382.5084   8482.5625      149940.3           0.0
************      0.0000
      2.5000   9000.0000    300.0000  98582.0625 114402.1797  -1437.4059   7848.7783      149506.8           0.0
************      0.0000
      2.5833   9300.0000    300.0000  98205.9141 113973.0156  -1516.1846   7232.4702      149074.0           0.0
************      0.0000
      2.6667   9600.0000    300.0000  97820.2891 113552.8438  -1600.0558   6638.6533      148661.8           0.0
************      0.0000
      2.7500   9900.0000    300.0000  97430.5000 113141.7969  -1685.2900   6065.8452      148250.1           0.0
************      0.0000
      2.8333  10200.0000    300.0000  97039.0703 112737.0547  -1769.6250   5507.5752      147849.1           0.0
************      0.0000
      2.9167  10500.0000    300.0000  96645.1875 112341.6563  -1851.7865   4973.3184      147448.5           0.0
************      0.0000
      3.0000  10800.0000    300.0000  96249.1641 111949.3125  -1931.3108   4448.8096      147058.4           0.0
************      0.0000
      3.0833  11100.0000    300.0000  95856.6797 111569.0703  -2007.6902   3948.7412      146669.0           0.0
************      0.0000
      3.1667  11400.0000    300.0000  95454.5391 111186.2188  -2079.9211   3455.7859      146301.1           0.0
************      0.0000
      3.2500  11700.0000    300.0000  95052.8438 110813.3672  -2149.2422   2986.1511      145932.5           0.0
************      0.0000
      3.3333  12000.0000    300.0000  94672.6797 110464.6016  -2239.1428   2524.7305      145584.2           0.0
************      0.0000
      3.4167  12300.0000    300.0000  94322.7500 110151.4922  -2359.8721   2080.3916      145285.4           0.0
************      0.0000
      3.5000  12600.0000    300.0000  93992.2266 109854.6719  -2478.6494   1651.9253      144986.9           0.0
************      0.0000
      3.5833  12900.0000    300.0000  93659.7969 109553.2891  -2576.7207   1232.3091      144679.0           0.0
************      0.0000
      3.6667  13200.0000    300.0000  93322.2031 109251.1172  -2657.6675    835.6201      144371.5           0.0
************      0.0000
      3.7500  13500.0000    300.0000  92992.1875 108953.1953  -2740.7925    440.2824      144074.1           0.0
************      0.0000
      3.8333  13800.0000    300.0000  92677.6719 108678.7813  -2842.0181     64.4073      143806.3           0.0
************      0.0000
      3.9167  14100.0000    300.0000  92372.6250 108412.1328  -2930.9702   -298.1415      143529.0           0.0
************      0.0000
      4.0000  14400.0000    300.0000  92069.7969 108142.2578  -3007.7480   -659.6494      143261.9           0.0
************      0.0000
      4.0833  14700.0000    300.0000  91780.1328 107892.9141  -3092.1882   -998.4924      143014.4           0.0
************      0.0000
      4.1667  15000.0000    300.0000  91504.7031 107657.4766  -3183.5444  -1328.0859      142777.0           0.0
************      0.0000
      4.2500  15300.0000    300.0000  91231.9922 107419.6641  -3267.1270  -1657.2540      142530.0           0.0
************      0.0000
      4.3333  15600.0000    300.0000  90960.3906 107186.9141  -3339.0188  -1965.5431      142292.9           0.0
************      0.0000
      4.4167  15900.0000    300.0000  90691.3750 106956.0391  -3399.5417  -2262.1743      142056.1           0.0
************      0.0000
      4.5000  16200.0000    300.0000  90433.3594 106733.5938  -3467.5735  -2558.8054      141838.9           0.0
************      0.0000
      4.5833  16500.0000    300.0000  90187.1875 106522.3828  -3542.5205  -2849.9595      141631.5           0.0
************      0.0000
      4.6667  16800.0000    300.0000  89948.5781 106322.5625  -3609.7832  -3116.6016      141424.4           0.0
************      0.0000
      4.7500  17100.0000    300.0000  89708.4531 106116.9531  -3662.7251  -3380.2734      141207.7           0.0
************      0.0000
      4.8333  17400.0000    300.0000  89466.3359 105906.9063  -3708.0051  -3643.9453      140991.3           0.0
************      0.0000
      4.9167  17700.0000    300.0000  89234.1484 105708.8438  -3765.5789  -3904.2058      140803.9           0.0
************      0.0000
      5.0000  18000.0000    300.0000  89021.8359 105534.5859  -3831.2820  -4139.8325      140626.3           0.0
************      0.0000
      5.0833  18300.0000    300.0000  88818.7109 105366.3359  -3895.3003  -4370.5459      140450.9           0.0
************      0.0000
      5.1667  18600.0000    300.0000  88610.4063 105187.7969  -3941.6082  -4601.2583      140261.9           0.0
************      0.0000
      5.2500  18900.0000    300.0000  88399.8203 105005.2578  -3981.2900  -4831.9722      140075.1           0.0
************      0.0000
      5.3333  19200.0000    300.0000  88189.8906 104826.0781  -4018.0591  -5053.2407      139898.0           0.0
************      0.0000
      5.4167  19500.0000    300.0000  87992.0781 104664.2656  -4058.0510  -5252.0146      139740.4           0.0
************      0.0000
      5.5000  19800.0000    300.0000  87805.7266 104509.8047  -4101.7168  -5449.7686      139582.7           0.0
************      0.0000
      5.5833  20100.0000    300.0000  87619.3906 104353.5703  -4140.9932  -5647.5225      139415.7           0.0
************      0.0000
      5.6667  20400.0000    300.0000  87423.9922 104185.6953  -4163.6035  -5845.2759      139231.6           0.0
************      0.0000
      5.7500  20700.0000    300.0000  87233.9531 104022.6094  -4191.1089  -6043.0225      139074.3           0.0
************      0.0000
      5.8333  21000.0000    300.0000  87056.5234 103875.5000  -4225.6943  -6225.2129      138934.2           0.0
************      0.0000
      5.9167  21300.0000    300.0000  86885.2266 103736.4453  -4254.2036  -6390.0674      138779.2           0.0
************      0.0000
      6.0000  21600.0000    300.0000  86710.9688 103590.7031  -4270.6997  -6554.8628      138629.6           0.0
************      0.0000
      6.0833  21900.0000    300.0000  86537.5703 103445.0938  -4286.5356  -6719.6587      138484.4           0.0
************      0.0000
      6.1667  22200.0000    300.0000  86369.9453 103304.3125  -4307.0513  -6884.4531      138335.0           0.0
************      0.0000
      6.2500  22500.0000    300.0000  86194.9531 103154.0781  -4313.9219  -7049.2480      138180.4           0.0
************      0.0000
      6.3333  22800.0000    300.0000  86028.0703 103012.8047  -4332.2397  -7214.0435      138033.3           0.0
************      0.0000
      6.4167  23100.0000    300.0000  85865.2188 102875.8281  -4352.2822  -7375.2183      137895.9           0.0
************      0.0000
      6.5000  23400.0000    300.0000  85711.7578 102752.1953  -4368.0449  -7511.9282      137775.5           0.0
************      0.0000
      6.5833  23700.0000    300.0000  85568.0547 102636.9297  -4387.3193  -7643.7642      137657.2           0.0
************      0.0000
      6.6667  24000.0000    300.0000  85421.8672 102516.0313  -4396.6279  -7775.6001      137529.5           0.0
************      0.0000
      6.7500  24300.0000    300.0000  85276.8516 102395.2891  -4405.0654  -7907.4360      137401.8           0.0
************      0.0000
      6.8333  24600.0000    300.0000  85129.9219 102270.8203  -4406.9487  -8039.2729      137274.2           0.0
************      0.0000
      6.9167  24900.0000    300.0000  84984.6484 102148.2734  -4411.2876  -8171.1089      137146.7           0.0
************      0.0000
      7.0000  25200.0000    300.0000  84838.8125 102024.2891  -4412.7891  -8302.9443      137011.9           0.0
************      0.0000
      7.0833  25500.0000    300.0000  84692.9141 101899.9609  -4413.5562  -8434.7813      136884.5           0.0
************      0.0000
      7.1667  25800.0000    300.0000  84545.6563 101772.8359  -4409.4619  -8566.6162      136755.1           0.0
************      0.0000
      7.2500  26100.0000    300.0000  84398.7891 101646.6797  -4406.1670  -8698.1299      136620.4           0.0
************      0.0000
      7.3333  26400.0000    300.0000  84255.5938 101528.8359  -4399.6689  -8811.2949      136502.8           0.0
************      0.0000
      7.4167  26700.0000    300.0000  84114.8828 101415.0859  -4385.3062  -8910.2070      136385.1           0.0
************      0.0000
      7.5000  27000.0000    300.0000  83976.7031 101302.8828  -4371.9731  -9009.0840      136274.9           0.0
************      0.0000
      7.5833  27300.0000    300.0000  83846.6875 101198.3516  -4367.2173  -9107.9609      136159.5           0.0
************      0.0000
      7.6667  27600.0000    300.0000  83715.4141 101090.6328  -4356.5903  -9206.8379      136051.5           0.0
************      0.0000
      7.7500  27900.0000    300.0000  83585.1172 100982.6875  -4344.4019  -9305.7148      135934.1           0.0
************      0.0000
      7.8333  28200.0000    300.0000  83458.2344 100877.9844  -4335.7813  -9404.5918      135835.7           0.0
************      0.0000
      7.9167  28500.0000    300.0000  83337.5391 100778.6953  -4333.0088  -9503.4668      135727.8           0.0
************      0.0000
      8.0000  28800.0000    300.0000  83212.6406 100673.4844  -4321.5078  -9602.3457      135617.9           0.0
************      0.0000
      8.0833  29100.0000    300.0000  83083.0781 100563.6953  -4303.6392  -9701.2207      135500.7           0.0
************      0.0000
      8.1667  29400.0000    300.0000  82961.5938 100462.0859  -4296.5796  -9800.0977      135402.4           0.0
************      0.0000
      8.2500  29700.0000    300.0000  82843.8047 100363.2969  -4291.4609  -9898.9766      135287.4           0.0
************      0.0000
      8.3333  30000.0000    300.0000  82720.7578 100258.1094  -4277.3662  -9997.8535      135179.8           0.0
************      0.0000
      8.4167  30300.0000    300.0000  82594.5625 100149.7109  -4259.3398 -10096.7285      135062.8           0.0
************      0.0000
      8.5000  30600.0000    300.0000  82462.1719 100035.8281  -4234.8716 -10195.6074      134936.4           0.0
************      0.0000
      8.5833  30900.0000    300.0000  82322.8125  99915.6953  -4203.3452 -10294.4844      134819.6           0.0
************      0.0000
      8.6667  31200.0000    300.0000  82197.5703  99809.3828  -4188.4854 -10393.3594      134712.2           0.0
************      0.0000
      8.7500  31500.0000    300.0000  82076.8125  99706.5391  -4176.7549 -10491.9375      134604.8           0.0
************      0.0000
      8.8333  31800.0000    300.0000  81962.5156  99614.2109  -4165.8013 -10574.6250      134516.4           0.0
************      0.0000
      8.9167  32100.0000    300.0000  81853.6016  99529.4531  -4150.4468 -10640.9893      134427.9           0.0
************      0.0000
      9.0000  32400.0000    300.0000  81745.2656  99443.4844  -4131.2329 -10706.9053      134339.4           0.0
************      0.0000
      9.0833  32700.0000    300.0000  81644.0078  99364.0938  -4119.7461 -10772.8252      134260.5           0.0
************      0.0000
      9.1667  33000.0000    300.0000  81543.6641  99284.4453  -4106.5093 -10838.7412      134172.1           0.0
************      0.0000
      9.2500  33300.0000    300.0000  81440.5391  99200.3047  -4086.0242 -10904.6611      134083.7           0.0
************      0.0000
      9.3333  33600.0000    300.0000  81338.4141  99116.8516  -4066.0039 -10970.5771      133993.3           0.0
************      0.0000
      9.4167  33900.0000    300.0000  81232.6484  99029.1719  -4039.8804 -11036.4951      133907.1           0.0
************      0.0000
      9.5000  34200.0000    300.0000  81130.8438  98945.6641  -4019.1843 -11102.4131      133818.9           0.0
************      0.0000
      9.5833  34500.0000    300.0000  81035.5703  98868.3906  -4006.1467 -11168.3330      133738.0           0.0
************      0.0000
      9.6667  34800.0000    300.0000  80933.3984  98783.0781  -3981.4553 -11234.2490      133640.4           0.0
************      0.0000
      9.7500  35100.0000    300.0000  80822.8516  98689.2734  -3946.1860 -11300.1689      133542.9           0.0
************      0.0000
      9.8333  35400.0000    300.0000  80719.4219  98603.2109  -3921.1191 -11366.0850      133456.9           0.0
************      0.0000
      9.9167  35700.0000    300.0000  80618.5234  98519.6875  -3899.2808 -11432.0049      133368.8           0.0
************      0.0000
     10.0000  36000.0000    300.0000  80521.6250  98439.8828  -3881.7388 -11497.9209      133280.8           0.0
************      0.0000
     10.0833  36300.0000    300.0000  80425.7422  98360.2734  -3863.6226 -11563.8408      133202.1           0.0
************      0.0000
     10.1667  36600.0000    300.0000  80335.3906  98285.7891  -3851.1934 -11629.7568      133123.5           0.0
************      0.0000
     10.2500  36900.0000    300.0000  80243.5000  98209.0703  -3835.4250 -11695.6768      133044.9           0.0
************      0.0000
     10.3333  37200.0000    300.0000  80151.7969  98133.0234  -3821.0876 -11761.5928      132957.0           0.0
************      0.0000
     10.4167  37500.0000    300.0000  80051.2188  98047.5625  -3794.0229 -11827.5127      132876.3           0.0
************      0.0000
     10.5000  37800.0000    300.0000  79963.2266  97974.9688  -3783.3691 -11893.4287      132799.9           0.0
************      0.0000
     10.5833  38100.0000    300.0000  79872.7422  97898.4766  -3766.5332 -11959.3486      132721.4           0.0
************      0.0000
     10.6667  38400.0000    300.0000  79779.9688  97820.2031  -3747.8650 -12025.2646      132631.5           0.0
************      0.0000
     10.7500  38700.0000    300.0000  79680.8984  97735.5391  -3721.0298 -12091.1846      132545.9           0.0
************      0.0000
     10.8333  39000.0000    300.0000  79582.2656  97652.2578  -3696.5671 -12157.1006      132448.8           0.0
************      0.0000
     10.9167  39300.0000    300.0000  79480.6172  97565.6328  -3667.5679 -12223.0205      132361.2           0.0
************      0.0000
     11.0000  39600.0000    300.0000  79381.2344  97481.4297  -3641.8679 -12288.9365      132273.4           0.0
************      0.0000
     11.0833  39900.0000    300.0000  79281.0859  97396.0625  -3613.9609 -12354.8564      132185.8           0.0
************      0.0000
     11.1667  40200.0000    300.0000  79185.9922  97316.0781  -3593.2324 -12420.7725      132098.2           0.0
************      0.0000
     11.2500  40500.0000    300.0000  79085.5078  97229.3516  -3562.7244 -12486.6924      132010.7           0.0
************      0.0000
     11.3333  40800.0000    300.0000  78997.2734  97154.5000  -3546.6570 -12552.6084      131932.4           0.0
************      0.0000
     11.4167  41100.0000    300.0000  78912.5156  97082.6094  -3533.8625 -12618.5283      131861.5           0.0
************      0.0000
     11.5000  41400.0000    300.0000  78828.1094  97010.7734  -3520.7673 -12684.4443      131783.3           0.0
************      0.0000
     11.5833  41700.0000    300.0000  78743.9297  96938.9297  -3507.4089 -12750.3643      131707.2           0.0
************      0.0000
     11.6667  42000.0000    300.0000  78659.9375  96867.1797  -3494.0474 -12816.2803      131629.1           0.0
************      0.0000
     11.7500  42300.0000    300.0000  78576.4063  96795.8672  -3481.3354 -12882.1982      131558.2           0.0
************      0.0000
     11.8333  42600.0000    300.0000  78495.4922  96728.5781  -3474.7971 -12948.1162      131482.2           0.0
************      0.0000
     11.9167  42900.0000    300.0000  78412.8594  96658.2969  -3461.7771 -13012.4961      131413.4           0.0
************      0.0000
     12.0000  43200.0000    300.0000  78331.1094  96591.2656  -3442.6648 -13064.2559      131344.7           0.0
************      0.0000
     12.0833  43500.0000    300.0000  78253.3047  96530.1641  -3423.6155 -13106.8984      131283.1           0.0
************      0.0000
     12.1667  43800.0000    300.0000  78181.1094  96475.2266  -3407.2764 -13143.7500      131225.8           0.0
************      0.0000
     12.2500  44100.0000    300.0000  78112.9063  96424.1875  -3393.6895 -13177.9229      131173.5           0.0
************      0.0000
     12.3333  44400.0000    300.0000  78046.7266  96374.1953  -3379.0720 -13211.2354      131116.2           0.0
************      0.0000
     12.4167  44700.0000    300.0000  77979.2813  96321.8750  -3360.0632 -13244.2188      131064.0           0.0
************      0.0000
     12.5000  45000.0000    300.0000  77910.3594  96267.5703  -3338.4045 -13277.4678      131004.6           0.0
************      0.0000
     12.5833  45300.0000    300.0000  77839.1797  96210.1172  -3314.1897 -13313.3184      130947.3           0.0
************      0.0000
     12.6667  45600.0000    300.0000  77775.3359  96160.6641  -3299.6365 -13347.7109      130887.9           0.0
************      0.0000
     12.7500  45900.0000    300.0000  77710.6953  96109.9453  -3281.1914 -13380.6689      130837.8           0.0
************      0.0000
     12.8333  46200.0000    300.0000  77645.7656  96058.5859  -3261.9468 -13413.6270      130787.8           0.0
************      0.0000
     12.9167  46500.0000    300.0000  77585.5859  96011.6719  -3247.8362 -13446.5869      130737.7           0.0
************      0.0000
