 TIME =,    1.000000    
    HGHT(m) Press(mb) TEMP(TH)  MIXR(kg/kg)   U(m/s)   V(m/s) KM        KH       Turbulent Heating   Radiational Heating
      1.5000,      0.0000,    294.0000,      0.0032,      6.0000,      0.0000,      0.0000,         NaN,         NaN
      3.0000,      0.0000,    294.0000,      0.0032,      6.0000,      0.0000,      0.0000,         NaN,         NaN
      4.5000,      0.0000,    294.0000,      0.0032,      6.0000,      0.0000,      0.0000,         NaN,         NaN
      6.3100,      0.0000,    294.0000,      0.0033,      6.0000,      0.0000,      0.0000,         NaN,         NaN
      8.3200,      0.0000,    294.0000,      0.0033,      6.0000,      0.0000,      0.0000,         NaN,         NaN
     10.3400,      0.0000,    294.0000,      0.0033,      6.0000,      0.0000,      0.0000,         NaN,         NaN
     12.3800,      0.0000,    294.0000,      0.0033,      6.0000,      0.0000,      0.0000,         NaN,         NaN
     14.4200,      0.0000,    294.0000,      0.0034,      6.0000,      0.0000,      0.0000,         NaN,         NaN
     16.4800,      0.0000,    294.0000,      0.0034,      6.0000,      0.0000,      0.0000,         NaN,         NaN
     18.5500,      0.0000,    294.0000,      0.0034,      6.0000,      0.0000,      0.0000,         NaN,         NaN
     20.6500,      0.0000,    294.0000,      0.0034,      6.0000,      0.0000,      0.0000,         NaN,         NaN
     22.7600,      0.0000,    294.0000,      0.0034,      6.0000,      0.0000,      0.0000,         NaN,         NaN
     24.9000,      0.0000,    294.0000,      0.0034,      6.0000,      0.0000,      0.0000,         NaN,         NaN
     27.0600,      0.0000,    294.0000,      0.0034,      6.0000,      0.0000,      0.0000,         NaN,         NaN
     29.2500,      0.0000,    294.0000,      0.0034,      6.0000,      0.0000,      0.0000,         NaN,         NaN
     31.4700,      0.0000,    294.0000,      0.0033,      6.0000,      0.0000,      0.0000,         NaN,         NaN
     33.7200,      0.0000,    294.0000,      0.0033,      6.0000,      0.0000,      0.0000,         NaN,         NaN
     36.0000,      0.0000,    294.0000,      0.0033,      6.0000,      0.0000,      0.0000,         NaN,         NaN
     38.3200,      0.0000,    294.0000,      0.0033,      6.0000,      0.0000,      0.0000,         NaN,         NaN
     40.6800,      0.0000,    294.0000,      0.0033,      6.0000,      0.0000,      0.0000,         NaN,         NaN
     43.0800,      0.0000,    294.0000,      0.0033,      6.0000,      0.0000,      0.0000,         NaN,         NaN
     45.5200,      0.0000,    294.0000,      0.0033,      6.0000,      0.0000,      0.0000,         NaN,         NaN
     48.0100,      0.0000,    294.0000,      0.0033,      6.0000,      0.0000,      0.0000,         NaN,         NaN
     50.5400,      0.0000,    294.0000,      0.0033,      6.0000,      0.0000,      0.0000,         NaN,         NaN
     53.1300,      0.0000,    294.0000,      0.0033,      6.0000,      0.0000,      0.0000,         NaN,         NaN
     55.7700,      0.0000,    294.0000,      0.0033,      6.0000,      0.0000,      0.0000,         NaN,         NaN
     58.4600,      0.0000,    294.0000,      0.0033,      6.0000,      0.0000,      0.0000,         NaN,         NaN
     61.2100,      0.0000,    294.0000,      0.0033,      6.0000,      0.0000,      0.0000,         NaN,         NaN
     64.0300,      0.0000,    294.0000,      0.0033,      6.0000,      0.0000,      0.0000,         NaN,         NaN
     66.9100,      0.0000,    294.0000,      0.0033,      6.0000,      0.0000,      0.0000,         NaN,         NaN
     69.8500,      0.0000,    294.0000,      0.0032,      6.0000,      0.0000,      0.0000,         NaN,         NaN
     72.8700,      0.0000,    294.0000,      0.0032,      6.0000,      0.0000,      0.0000,         NaN,         NaN
     75.9500,      0.0000,    294.0000,      0.0032,      6.0000,      0.0000,      0.0000,         NaN,         NaN
     79.1200,      0.0000,    294.0000,      0.0032,      6.0000,      0.0000,      0.0000,         NaN,         NaN
     82.3600,      0.0000,    294.0000,      0.0032,      6.0000,      0.0000,      0.0000,         NaN,         NaN
     85.6900,      0.0000,    294.0000,      0.0032,      6.0000,      0.0000,      0.0000,         NaN,         NaN
     89.1000,      0.0000,    294.0000,      0.0031,      6.0000,      0.0000,      0.0000,         NaN,         NaN
     92.6000,      0.0000,    294.0000,      0.0031,      6.0000,      0.0000,      0.0000,         NaN,         NaN
     96.1900,      0.0000,    294.0000,      0.0031,      6.0000,      0.0000,      0.0000,         NaN,         NaN
     99.8800,      0.0000,    294.0000,      0.0031,      6.0000,      0.0000,      0.0000,         NaN,         NaN
    103.6700,      0.0000,    294.0000,      0.0031,      6.0000,      0.0000,      0.0000,         NaN,         NaN
    107.5600,      0.0000,    294.0000,      0.0031,      6.0000,      0.0000,      0.0000,         NaN,         NaN
    111.5600,      0.0000,    294.0000,      0.0030,      6.0000,      0.0000,      0.0000,         NaN,         NaN
    115.6700,      0.0000,    294.0000,      0.0030,      6.0000,      0.0000,      0.0000,         NaN,         NaN
    119.9000,      0.0000,    294.0000,      0.0030,      6.0000,      0.0000,      0.0000,         NaN,         NaN
    124.2500,      0.0000,    294.0000,      0.0030,      6.0000,      0.0000,      0.0000,         NaN,         NaN
    128.7200,      0.0000,    294.0000,      0.0029,      6.0000,      0.0000,      0.0000,         NaN,         NaN
    133.3200,      0.0000,    294.0000,      0.0029,      6.0000,      0.0000,      0.0000,         NaN,         NaN
    138.0500,      0.0000,    294.0000,      0.0029,      6.0000,      0.0000,      0.0000,         NaN,         NaN
    142.9200,      0.0000,    294.0000,      0.0029,      6.0000,      0.0000,      0.0000,         NaN,         NaN
    147.9400,      0.0000,    294.0000,      0.0028,      6.0000,      0.0000,      0.0000,         NaN,         NaN
    153.1000,      0.0000,    294.0000,      0.0028,      6.0000,      0.0000,      0.0000,         NaN,         NaN
    158.4200,      0.0000,    294.0000,      0.0028,      6.0000,      0.0000,      0.0000,         NaN,         NaN
    163.8900,      0.0000,    294.0000,      0.0028,      6.0000,      0.0000,      0.0000,         NaN,         NaN
    169.5300,      0.0000,    294.0000,      0.0027,      6.0000,      0.0000,      0.0000,         NaN,         NaN
    175.8400,      0.0000,    294.0000,      0.0027,      6.0000,      0.0000,      0.0000,         NaN,         NaN
    182.8600,      0.0000,    294.0000,      0.0027,      6.0000,      0.0000,      0.0000,         NaN,         NaN
    190.6100,      0.0000,    294.0000,      0.0026,      6.0000,      0.0000,      0.0000,         NaN,         NaN
    199.1300,      0.0000,    294.0000,      0.0026,      6.0000,      0.0000,      0.0000,         NaN,         NaN
    208.4400,      0.0000,    294.0000,      0.0025,      6.0000,      0.0000,      0.0000,         NaN,         NaN
    218.5800,      0.0000,    294.0000,      0.0025,      6.0000,      0.0000,      0.0000,         NaN,         NaN
    229.6000,      0.0000,    294.0000,      0.0024,      6.0000,      0.0000,      0.0000,         NaN,         NaN
    241.5300,      0.0000,    294.0000,      0.0024,      6.0000,      0.0000,      0.0000,         NaN,         NaN
    254.4400,      0.0000,    294.0000,      0.0024,      6.0000,      0.0000,      0.0000,         NaN,         NaN
    268.3600,      0.0000,    294.0000,      0.0024,      6.0000,      0.0000,      0.0000,         NaN,         NaN
    283.3500,      0.0000,    294.0000,      0.0024,      6.0000,      0.0000,      0.0000,         NaN,         NaN
    299.4800,      0.0000,    294.0000,      0.0024,      6.0000,      0.0000,      0.0000,         NaN,         NaN
    316.8000,      0.0000,    294.0000,      0.0024,      6.0000,      0.0000,      0.0000,         NaN,         NaN
    335.3900,      0.0000,    294.0000,      0.0024,      6.0000,      0.0000,      0.0000,         NaN,         NaN
    355.3300,      0.0000,    294.0000,      0.0024,      6.0000,      0.0000,      0.0000,         NaN,         NaN
    376.6800,      0.0000,    294.0000,      0.0024,      6.0000,      0.0000,      0.0000,         NaN,         NaN
    399.5400,      0.0000,    294.0000,      0.0024,      6.0000,      0.0000,      0.0000,         NaN,         NaN
    424.0000,      0.0000,    294.0000,      0.0024,      6.0000,      0.0000,      0.0000,         NaN,         NaN
    450.1600,      0.0000,    294.0000,      0.0024,      6.0000,      0.0000,      0.0000,         NaN,         NaN
    478.1100,      0.0000,    294.0000,      0.0024,      6.0000,      0.0000,      0.0000,         NaN,         NaN
    507.9800,      0.0000,    294.0022,      0.0024,      6.0000,      0.0000,      0.0000,         NaN,         NaN
    548.0100,      0.0000,    294.0287,      0.0024,      6.0000,      0.0000,      0.0000,         NaN,         NaN
    599.0000,      0.0000,    294.0646,      0.0024,      6.0000,      0.0000,      0.0000,         NaN,         NaN
    661.9700,      0.0000,    294.1122,      0.0024,      6.0000,      0.0000,      0.0000,         NaN,         NaN
    738.1800,      0.0000,    294.1755,      0.0024,      6.0000,      0.0000,      0.0000,         NaN,         NaN
    829.1500,      0.0000,    294.2692,      0.0025,      6.0000,      0.0000,      0.0000,         NaN,         NaN
    936.7000,      0.0000,    294.3897,      0.0025,      6.0000,      0.0000,      0.0000,         NaN,         NaN
   1062.9900,      0.0000,    294.5451,      0.0026,      6.0000,      0.0000,      0.0000,         NaN,         NaN
   1210.5400,      0.0000,    294.7465,      0.0027,      6.0000,      0.0000,      0.0000,         NaN,         NaN
   1382.3000,      0.0000,    295.2614,      0.0028,      6.0000,      0.0000,      0.0000,         NaN,         NaN
   1581.7000,      0.0000,    297.2813,      0.0032,      6.0000,      0.0000,      0.0000,         NaN,         NaN
   1812.7400,      0.0000,    300.0138,      0.0036,      6.0000,      0.0000,      0.0000,         NaN,         NaN
   2080.0400,      0.0000,    303.2098,      0.0041,      6.0000,      0.0000,      0.0000,         NaN,         NaN
   2388.9299,      0.0000,    305.9275,      0.0039,      6.0000,      0.0000,      0.0000,         NaN,         NaN
   2745.6001,      0.0000,    308.2111,      0.0035,      6.0000,      0.0000,      0.0000,         NaN,         NaN
   3157.1899,      0.0000,    310.4839,      0.0029,      6.0000,      0.0000,      0.0000,         NaN,         NaN
   3631.9199,      0.0000,    312.6355,      0.0020,      6.0000,      0.0000,      0.0000,         NaN,         NaN
   4179.2798,      0.0000,    314.9770,      0.0014,      6.0000,      0.0000,      0.0000,         NaN,         NaN
   4810.2402,      0.0000,    316.3707,      0.0012,      6.0000,      0.0000,      0.0000,         NaN,         NaN
   5537.3999,      0.0000,    321.8934,      0.0004,      6.0000,      0.0000,      0.0000,         NaN,         NaN
   6375.2998,      0.0000,    325.2243,      0.0002,      6.0000,      0.0000,      0.0000,         NaN,         NaN
   7340.7100,      0.0000,    326.3034,      0.0002,      6.0000,      0.0000,      0.0000,         NaN,         NaN
   8452.9404,      0.0000,    328.5817,      0.0000,      6.0000,      0.0000,      0.0000,         NaN,         NaN
   9734.2197,      0.0000,    330.5561,      0.0000,      6.0000,      0.0000,      0.0000,         NaN,         NaN
  11210.1904,      0.0000,    335.6141,      0.0000,      6.0000,      0.0000,      0.0000,         NaN,         NaN
 TIME =,    4.000000    
    HGHT(m) Press(mb) TEMP(TH)  MIXR(kg/kg)   U(m/s)   V(m/s) KM        KH       Turbulent Heating   Radiational Heating
      1.5000,      0.0000,    282.2391,      0.0062,      1.0645,      1.0519,      0.0000,     -0.0011,      0.0000
      3.0000,      0.0000,    283.5009,      0.0064,      1.4851,      1.4215,      0.0088,     -0.0010,      0.0000
      4.5000,      0.0000,    284.8073,      0.0067,      1.9346,      1.7307,      0.0074,     -0.0009,      0.0000
      6.3100,      0.0000,    286.5121,      0.0069,      2.5381,      2.0208,      0.0057,     -0.0007,      0.0000
      8.3200,      0.0000,    288.5443,      0.0071,      3.2772,      2.1942,      0.0038,     -0.0005,      0.0000
     10.3400,      0.0000,    290.5225,      0.0071,      4.0193,      2.1503,      0.0022,     -0.0003,      0.0000
     12.3800,      0.0000,    291.9433,      0.0068,      4.5922,      1.8911,      0.0011,     -0.0002,      0.0000
     14.4200,      0.0000,    292.5208,      0.0064,      4.8808,      1.6150,      0.0004,     -0.0001,      0.0000
     16.4800,      0.0000,    292.8387,      0.0060,      5.0603,      1.3779,      0.0003,     -0.0001,      0.0000
     18.5500,      0.0000,    293.0890,      0.0056,      5.2142,      1.1629,      0.0003,     -0.0001,      0.0000
     20.6500,      0.0000,    293.2620,      0.0053,      5.3412,      0.9818,      0.0003,     -0.0001,      0.0000
     22.7600,      0.0000,    293.4127,      0.0050,      5.4588,      0.8116,      0.0003,     -0.0001,      0.0000
     24.9000,      0.0000,    293.5473,      0.0047,      5.5698,      0.6491,      0.0003,      0.0000,      0.0000
     27.0600,      0.0000,    293.6677,      0.0044,      5.6743,      0.4942,      0.0002,      0.0000,      0.0000
     29.2500,      0.0000,    293.7754,      0.0041,      5.7731,      0.3462,      0.0002,      0.0000,      0.0000
     31.4700,      0.0000,    293.8732,      0.0038,      5.8671,      0.2039,      0.0001,      0.0000,      0.0000
     33.7200,      0.0000,    293.9610,      0.0035,      5.9560,      0.0678,      0.0001,      0.0000,      0.0000
     36.0000,      0.0000,    294.0000,      0.0033,      6.0000,      0.0000,      0.0000,      0.0000,      0.0000
     38.3200,      0.0000,    294.0000,      0.0033,      6.0000,      0.0000,      0.0020,      0.0000,      0.0000
     40.6800,      0.0000,    294.0000,      0.0033,      6.0000,      0.0000,      0.0014,      0.0000,      0.0000
     43.0800,      0.0000,    294.0000,      0.0033,      6.0000,      0.0000,      0.0007,      0.0000,      0.0000
     45.5200,      0.0000,    294.0000,      0.0033,      6.0000,      0.0000,      0.0001,      0.0000,      0.0000
     48.0100,      0.0000,    294.0000,      0.0033,      6.0000,      0.0000,      0.0000,      0.0000,      0.0000
     50.5400,      0.0000,    294.0000,      0.0033,      6.0000,      0.0000,      0.0000,      0.0000,      0.0000
     53.1300,      0.0000,    294.0000,      0.0033,      6.0000,      0.0000,      0.0000,      0.0000,      0.0000
     55.7700,      0.0000,    294.0000,      0.0033,      6.0000,      0.0000,      0.0000,      0.0000,      0.0000
     58.4600,      0.0000,    294.0000,      0.0033,      6.0000,      0.0000,      0.0000,      0.0000,      0.0000
     61.2100,      0.0000,    294.0000,      0.0033,      6.0000,      0.0000,      0.0000,      0.0000,      0.0000
     64.0300,      0.0000,    294.0000,      0.0033,      6.0000,      0.0000,      0.0000,      0.0000,      0.0000
     66.9100,      0.0000,    294.0000,      0.0033,      6.0000,      0.0000,      0.0000,      0.0000,      0.0000
     69.8500,      0.0000,    294.0000,      0.0032,      6.0000,      0.0000,      0.0000,      0.0000,      0.0000
     72.8700,      0.0000,    294.0000,      0.0032,      6.0000,      0.0000,      0.0000,      0.0000,      0.0000
     75.9500,      0.0000,    294.0000,      0.0032,      6.0000,      0.0000,      0.0000,      0.0000,      0.0000
     79.1200,      0.0000,    294.0000,      0.0032,      6.0000,      0.0000,      0.0000,      0.0000,      0.0000
     82.3600,      0.0000,    294.0000,      0.0032,      6.0000,      0.0000,      0.0000,      0.0000,      0.0000
     85.6900,      0.0000,    294.0000,      0.0032,      6.0000,      0.0000,      0.0000,      0.0000,      0.0000
     89.1000,      0.0000,    294.0000,      0.0031,      6.0000,      0.0000,      0.0000,      0.0000,      0.0000
     92.6000,      0.0000,    294.0000,      0.0031,      6.0000,      0.0000,      0.0000,      0.0000,      0.0000
     96.1900,      0.0000,    294.0000,      0.0031,      6.0000,      0.0000,      0.0000,      0.0000,      0.0000
     99.8800,      0.0000,    294.0000,      0.0031,      6.0000,      0.0000,      0.0000,      0.0000,      0.0000
    103.6700,      0.0000,    294.0000,      0.0031,      6.0000,      0.0000,      0.0000,      0.0000,      0.0000
    107.5600,      0.0000,    294.0000,      0.0031,      6.0000,      0.0000,      0.0000,      0.0000,      0.0000
    111.5600,      0.0000,    294.0000,      0.0030,      6.0000,      0.0000,      0.0000,      0.0000,      0.0000
    115.6700,      0.0000,    294.0000,      0.0030,      6.0000,      0.0000,      0.0000,      0.0000,      0.0000
    119.9000,      0.0000,    294.0000,      0.0030,      6.0000,      0.0000,      0.0000,      0.0000,      0.0000
    124.2500,      0.0000,    294.0000,      0.0030,      6.0000,      0.0000,      0.0000,      0.0000,      0.0000
    128.7200,      0.0000,    294.0000,      0.0029,      6.0000,      0.0000,      0.0000,      0.0000,      0.0000
    133.3200,      0.0000,    294.0000,      0.0029,      6.0000,      0.0000,      0.0000,      0.0000,      0.0000
    138.0500,      0.0000,    294.0000,      0.0029,      6.0000,      0.0000,      0.0000,      0.0000,      0.0000
    142.9200,      0.0000,    294.0000,      0.0029,      6.0000,      0.0000,      0.0000,      0.0000,      0.0000
    147.9400,      0.0000,    294.0000,      0.0028,      6.0000,      0.0000,      0.0000,      0.0000,      0.0000
    153.1000,      0.0000,    294.0000,      0.0028,      6.0000,      0.0000,      0.0000,      0.0000,      0.0000
    158.4200,      0.0000,    294.0000,      0.0028,      6.0000,      0.0000,      0.0000,      0.0000,      0.0000
    163.8900,      0.0000,    294.0000,      0.0028,      6.0000,      0.0000,      0.0000,      0.0000,      0.0000
    169.5300,      0.0000,    294.0000,      0.0027,      6.0000,      0.0000,      0.0000,      0.0000,      0.0000
    175.8400,      0.0000,    294.0000,      0.0027,      6.0000,      0.0000,      0.0000,      0.0000,      0.0000
    182.8600,      0.0000,    294.0000,      0.0027,      6.0000,      0.0000,      0.0000,      0.0000,      0.0000
    190.6100,      0.0000,    294.0000,      0.0026,      6.0000,      0.0000,      0.0000,      0.0000,      0.0000
    199.1300,      0.0000,    294.0000,      0.0026,      6.0000,      0.0000,      0.0000,      0.0000,      0.0000
    208.4400,      0.0000,    294.0000,      0.0025,      6.0000,      0.0000,      0.0000,      0.0000,      0.0000
    218.5800,      0.0000,    294.0000,      0.0025,      6.0000,      0.0000,      0.0000,      0.0000,      0.0000
    229.6000,      0.0000,    294.0000,      0.0024,      6.0000,      0.0000,      0.0000,      0.0000,      0.0000
    241.5300,      0.0000,    294.0000,      0.0024,      6.0000,      0.0000,      0.0000,      0.0000,      0.0000
    254.4400,      0.0000,    294.0000,      0.0024,      6.0000,      0.0000,      0.0000,      0.0000,      0.0000
    268.3600,      0.0000,    294.0000,      0.0024,      6.0000,      0.0000,      0.0000,      0.0000,      0.0000
    283.3500,      0.0000,    294.0000,      0.0024,      6.0000,      0.0000,      0.0000,      0.0000,      0.0000
    299.4800,      0.0000,    294.0000,      0.0024,      6.0000,      0.0000,      0.0000,      0.0000,      0.0000
    316.8000,      0.0000,    294.0000,      0.0024,      6.0000,      0.0000,      0.0000,      0.0000,      0.0000
    335.3900,      0.0000,    294.0000,      0.0024,      6.0000,      0.0000,      0.0000,      0.0000,      0.0000
    355.3300,      0.0000,    294.0000,      0.0024,      6.0000,      0.0000,      0.0000,      0.0000,      0.0000
    376.6800,      0.0000,    294.0000,      0.0024,      6.0000,      0.0000,      0.0000,      0.0000,      0.0000
    399.5400,      0.0000,    294.0000,      0.0024,      6.0000,      0.0000,      0.0000,      0.0000,      0.0000
    424.0000,      0.0000,    294.0000,      0.0024,      6.0000,      0.0000,      0.0000,      0.0000,      0.0000
    450.1600,      0.0000,    294.0000,      0.0024,      6.0000,      0.0000,      0.0000,      0.0000,      0.0000
    478.1100,      0.0000,    294.0000,      0.0024,      6.0000,      0.0000,      0.0000,      0.0000,      0.0000
    507.9800,      0.0000,    294.0022,      0.0024,      6.0000,      0.0000,      0.0000,      0.0000,      0.0000
    548.0100,      0.0000,    294.0287,      0.0024,      6.0000,      0.0000,      0.0000,      0.0000,      0.0000
    599.0000,      0.0000,    294.0646,      0.0024,      6.0000,      0.0000,      0.0000,      0.0000,      0.0000
    661.9700,      0.0000,    294.1122,      0.0024,      6.0000,      0.0000,      0.0000,      0.0000,      0.0000
    738.1800,      0.0000,    294.1755,      0.0024,      6.0000,      0.0000,      0.0000,      0.0000,      0.0000
    829.1500,      0.0000,    294.2692,      0.0025,      6.0000,      0.0000,      0.0000,      0.0000,      0.0000
    936.7000,      0.0000,    294.3897,      0.0025,      6.0000,      0.0000,      0.0000,      0.0000,      0.0000
   1062.9900,      0.0000,    294.5451,      0.0026,      6.0000,      0.0000,      0.0000,      0.0000,      0.0000
   1210.5400,      0.0000,    294.7465,      0.0027,      6.0000,      0.0000,      0.0000,      0.0000,      0.0000
   1382.3000,      0.0000,    295.2614,      0.0028,      6.0000,      0.0000,      0.0000,      0.0000,      0.0000
   1581.7000,      0.0000,    297.2813,      0.0032,      6.0000,      0.0000,      0.0000,      0.0000,      0.0000
   1812.7400,      0.0000,    300.0138,      0.0036,      6.0000,      0.0000,      0.0000,      0.0000,      0.0000
   2080.0400,      0.0000,    303.2098,      0.0041,      6.0000,      0.0000,      0.0000,      0.0000,      0.0000
   2388.9299,      0.0000,    305.9275,      0.0039,      6.0000,      0.0000,      0.0000,      0.0000,      0.0000
   2745.6001,      0.0000,    308.2111,      0.0035,      6.0000,      0.0000,      0.0000,      0.0000,      0.0000
   3157.1899,      0.0000,    310.4839,      0.0029,      6.0000,      0.0000,      0.0000,      0.0000,      0.0000
   3631.9199,      0.0000,    312.6355,      0.0020,      6.0000,      0.0000,      0.0000,      0.0000,      0.0000
   4179.2798,      0.0000,    314.9770,      0.0014,      6.0000,      0.0000,      0.0000,      0.0000,      0.0000
   4810.2402,      0.0000,    316.3707,      0.0012,      6.0000,      0.0000,      0.0000,      0.0000,      0.0000
   5537.3999,      0.0000,    321.8934,      0.0004,      6.0000,      0.0000,      0.0000,      0.0000,      0.0000
   6375.2998,      0.0000,    325.2243,      0.0002,      6.0000,      0.0000,      0.0000,      0.0000,      0.0000
   7340.7100,      0.0000,    326.3034,      0.0002,      6.0000,      0.0000,      0.0000,      0.0000,      0.0000
   8452.9404,      0.0000,    328.5817,      0.0000,      6.0000,      0.0000,      0.0000,      0.0000,      0.0000
   9734.2197,      0.0000,    330.5561,      0.0000,      6.0000,      0.0000,      0.0000,      0.0000,      0.0000
  11210.1904,      0.0000,    335.6141,      0.0000,      6.0000,      0.0000,      0.0000,      0.0000,      0.0000
 TIME =,    7.000000    
    HGHT(m) Press(mb) TEMP(TH)  MIXR(kg/kg)   U(m/s)   V(m/s) KM        KH       Turbulent Heating   Radiational Heating
      1.5000,      0.0000,    277.9346,      0.0049,      1.0262,      0.9988,      0.0000,     -0.0004,      0.0000
      3.0000,      0.0000,    278.7266,      0.0050,      1.3768,      1.3148,      0.0173,     -0.0004,      0.0000
      4.5000,      0.0000,    279.5085,      0.0051,      1.7251,      1.5848,      0.0165,     -0.0005,      0.0000
      6.3100,      0.0000,    280.5118,      0.0053,      2.1721,      1.8717,      0.0145,     -0.0006,      0.0000
      8.3200,      0.0000,    281.7563,      0.0055,      2.7201,      2.1414,      0.0117,     -0.0006,      0.0000
     10.3400,      0.0000,    283.1833,      0.0056,      3.3335,      2.3466,      0.0090,     -0.0007,      0.0000
     12.3800,      0.0000,    284.8507,      0.0058,      4.0198,      2.4609,      0.0065,     -0.0007,      0.0000
     14.4200,      0.0000,    286.7835,      0.0059,      4.7626,      2.4426,      0.0044,     -0.0005,      0.0000
     16.4800,      0.0000,    289.0181,      0.0060,      5.5321,      2.2341,      0.0027,     -0.0004,      0.0000
     18.5500,      0.0000,    291.4323,      0.0059,      6.2145,      1.7700,      0.0013,     -0.0002,      0.0000
     20.6500,      0.0000,    293.1888,      0.0053,      6.4761,      1.1152,      0.0004,      0.0000,      0.0000
     22.7600,      0.0000,    293.4127,      0.0050,      6.4044,      0.8960,      0.0000,      0.0000,      0.0000
     24.9000,      0.0000,    293.5473,      0.0047,      6.3257,      0.7162,      0.0000,      0.0000,      0.0000
     27.0600,      0.0000,    293.6677,      0.0044,      6.2499,      0.5458,      0.0000,      0.0000,      0.0000
     29.2500,      0.0000,    293.7754,      0.0041,      6.1770,      0.3840,      0.0000,      0.0000,      0.0000
     31.4700,      0.0000,    293.8732,      0.0038,      6.1060,      0.2292,      0.0000,      0.0000,      0.0000
     33.7200,      0.0000,    293.9610,      0.0035,      6.0379,      0.0817,      0.0000,      0.0000,      0.0000
     36.0000,      0.0000,    294.0000,      0.0033,      6.0000,      0.0001,      0.0000,      0.0000,      0.0000
     38.3200,      0.0000,    294.0000,      0.0033,      6.0000,      0.0001,      0.0025,      0.0000,      0.0000
     40.6800,      0.0000,    294.0000,      0.0033,      6.0000,      0.0000,      0.0023,      0.0000,      0.0000
     43.0800,      0.0000,    294.0000,      0.0033,      6.0000,      0.0000,      0.0020,      0.0000,      0.0000
     45.5200,      0.0000,    294.0000,      0.0033,      6.0000,      0.0000,      0.0016,      0.0000,      0.0000
     48.0100,      0.0000,    294.0000,      0.0033,      6.0000,      0.0000,      0.0011,      0.0000,      0.0000
     50.5400,      0.0000,    294.0000,      0.0033,      6.0000,      0.0000,      0.0005,      0.0000,      0.0000
     53.1300,      0.0000,    294.0000,      0.0033,      6.0000,      0.0000,      0.0001,      0.0000,      0.0000
     55.7700,      0.0000,    294.0000,      0.0033,      6.0000,      0.0000,      0.0000,      0.0000,      0.0000
     58.4600,      0.0000,    294.0000,      0.0033,      6.0000,      0.0000,      0.0000,      0.0000,      0.0000
     61.2100,      0.0000,    294.0000,      0.0033,      6.0000,      0.0000,      0.0000,      0.0000,      0.0000
     64.0300,      0.0000,    294.0000,      0.0033,      6.0000,      0.0000,      0.0000,      0.0000,      0.0000
     66.9100,      0.0000,    294.0000,      0.0033,      6.0000,      0.0000,      0.0000,      0.0000,      0.0000
     69.8500,      0.0000,    294.0000,      0.0032,      6.0000,      0.0000,      0.0000,      0.0000,      0.0000
     72.8700,      0.0000,    294.0000,      0.0032,      6.0000,      0.0000,      0.0000,      0.0000,      0.0000
     75.9500,      0.0000,    294.0000,      0.0032,      6.0000,      0.0000,      0.0000,      0.0000,      0.0000
     79.1200,      0.0000,    294.0000,      0.0032,      6.0000,      0.0000,      0.0000,      0.0000,      0.0000
     82.3600,      0.0000,    294.0000,      0.0032,      6.0000,      0.0000,      0.0000,      0.0000,      0.0000
     85.6900,      0.0000,    294.0000,      0.0032,      6.0000,      0.0000,      0.0000,      0.0000,      0.0000
     89.1000,      0.0000,    294.0000,      0.0031,      6.0000,      0.0000,      0.0000,      0.0000,      0.0000
     92.6000,      0.0000,    294.0000,      0.0031,      6.0000,      0.0000,      0.0000,      0.0000,      0.0000
     96.1900,      0.0000,    294.0000,      0.0031,      6.0000,      0.0000,      0.0000,      0.0000,      0.0000
     99.8800,      0.0000,    294.0000,      0.0031,      6.0000,      0.0000,      0.0000,      0.0000,      0.0000
    103.6700,      0.0000,    294.0000,      0.0031,      6.0000,      0.0000,      0.0000,      0.0000,      0.0000
    107.5600,      0.0000,    294.0000,      0.0031,      6.0000,      0.0000,      0.0000,      0.0000,      0.0000
    111.5600,      0.0000,    294.0000,      0.0030,      6.0000,      0.0000,      0.0000,      0.0000,      0.0000
    115.6700,      0.0000,    294.0000,      0.0030,      6.0000,      0.0000,      0.0000,      0.0000,      0.0000
    119.9000,      0.0000,    294.0000,      0.0030,      6.0000,      0.0000,      0.0000,      0.0000,      0.0000
    124.2500,      0.0000,    294.0000,      0.0030,      6.0000,      0.0000,      0.0000,      0.0000,      0.0000
    128.7200,      0.0000,    294.0000,      0.0029,      6.0000,      0.0000,      0.0000,      0.0000,      0.0000
    133.3200,      0.0000,    294.0000,      0.0029,      6.0000,      0.0000,      0.0000,      0.0000,      0.0000
    138.0500,      0.0000,    294.0000,      0.0029,      6.0000,      0.0000,      0.0000,      0.0000,      0.0000
    142.9200,      0.0000,    294.0000,      0.0029,      6.0000,      0.0000,      0.0000,      0.0000,      0.0000
    147.9400,      0.0000,    294.0000,      0.0028,      6.0000,      0.0000,      0.0000,      0.0000,      0.0000
    153.1000,      0.0000,    294.0000,      0.0028,      6.0000,      0.0000,      0.0000,      0.0000,      0.0000
    158.4200,      0.0000,    294.0000,      0.0028,      6.0000,      0.0000,      0.0000,      0.0000,      0.0000
    163.8900,      0.0000,    294.0000,      0.0028,      6.0000,      0.0000,      0.0000,      0.0000,      0.0000
    169.5300,      0.0000,    294.0000,      0.0027,      6.0000,      0.0000,      0.0000,      0.0000,      0.0000
    175.8400,      0.0000,    294.0000,      0.0027,      6.0000,      0.0000,      0.0000,      0.0000,      0.0000
    182.8600,      0.0000,    294.0000,      0.0027,      6.0000,      0.0000,      0.0000,      0.0000,      0.0000
    190.6100,      0.0000,    294.0000,      0.0026,      6.0000,      0.0000,      0.0000,      0.0000,      0.0000
    199.1300,      0.0000,    294.0000,      0.0026,      6.0000,      0.0000,      0.0000,      0.0000,      0.0000
    208.4400,      0.0000,    294.0000,      0.0025,      6.0000,      0.0000,      0.0000,      0.0000,      0.0000
    218.5800,      0.0000,    294.0000,      0.0025,      6.0000,      0.0000,      0.0000,      0.0000,      0.0000
    229.6000,      0.0000,    294.0000,      0.0024,      6.0000,      0.0000,      0.0000,      0.0000,      0.0000
    241.5300,      0.0000,    294.0000,      0.0024,      6.0000,      0.0000,      0.0000,      0.0000,      0.0000
    254.4400,      0.0000,    294.0000,      0.0024,      6.0000,      0.0000,      0.0000,      0.0000,      0.0000
    268.3600,      0.0000,    294.0000,      0.0024,      6.0000,      0.0000,      0.0000,      0.0000,      0.0000
    283.3500,      0.0000,    294.0000,      0.0024,      6.0000,      0.0000,      0.0000,      0.0000,      0.0000
    299.4800,      0.0000,    294.0000,      0.0024,      6.0000,      0.0000,      0.0000,      0.0000,      0.0000
    316.8000,      0.0000,    294.0000,      0.0024,      6.0000,      0.0000,      0.0000,      0.0000,      0.0000
    335.3900,      0.0000,    294.0000,      0.0024,      6.0000,      0.0000,      0.0000,      0.0000,      0.0000
    355.3300,      0.0000,    294.0000,      0.0024,      6.0000,      0.0000,      0.0000,      0.0000,      0.0000
    376.6800,      0.0000,    294.0000,      0.0024,      6.0000,      0.0000,      0.0000,      0.0000,      0.0000
    399.5400,      0.0000,    294.0000,      0.0024,      6.0000,      0.0000,      0.0000,      0.0000,      0.0000
    424.0000,      0.0000,    294.0000,      0.0024,      6.0000,      0.0000,      0.0000,      0.0000,      0.0000
    450.1600,      0.0000,    294.0000,      0.0024,      6.0000,      0.0000,      0.0000,      0.0000,      0.0000
    478.1100,      0.0000,    294.0000,      0.0024,      6.0000,      0.0000,      0.0000,      0.0000,      0.0000
    507.9800,      0.0000,    294.0022,      0.0024,      6.0000,      0.0000,      0.0000,      0.0000,      0.0000
    548.0100,      0.0000,    294.0287,      0.0024,      6.0000,      0.0000,      0.0000,      0.0000,      0.0000
    599.0000,      0.0000,    294.0646,      0.0024,      6.0000,      0.0000,      0.0000,      0.0000,      0.0000
    661.9700,      0.0000,    294.1122,      0.0024,      6.0000,      0.0000,      0.0000,      0.0000,      0.0000
    738.1800,      0.0000,    294.1755,      0.0024,      6.0000,      0.0000,      0.0000,      0.0000,      0.0000
    829.1500,      0.0000,    294.2692,      0.0025,      6.0000,      0.0000,      0.0000,      0.0000,      0.0000
    936.7000,      0.0000,    294.3897,      0.0025,      6.0000,      0.0000,      0.0000,      0.0000,      0.0000
   1062.9900,      0.0000,    294.5451,      0.0026,      6.0000,      0.0000,      0.0000,      0.0000,      0.0000
   1210.5400,      0.0000,    294.7465,      0.0027,      6.0000,      0.0000,      0.0000,      0.0000,      0.0000
   1382.3000,      0.0000,    295.2614,      0.0028,      6.0000,      0.0000,      0.0000,      0.0000,      0.0000
   1581.7000,      0.0000,    297.2813,      0.0032,      6.0000,      0.0000,      0.0000,      0.0000,      0.0000
   1812.7400,      0.0000,    300.0138,      0.0036,      6.0000,      0.0000,      0.0000,      0.0000,      0.0000
   2080.0400,      0.0000,    303.2098,      0.0041,      6.0000,      0.0000,      0.0000,      0.0000,      0.0000
   2388.9299,      0.0000,    305.9275,      0.0039,      6.0000,      0.0000,      0.0000,      0.0000,      0.0000
   2745.6001,      0.0000,    308.2111,      0.0035,      6.0000,      0.0000,      0.0000,      0.0000,      0.0000
   3157.1899,      0.0000,    310.4839,      0.0029,      6.0000,      0.0000,      0.0000,      0.0000,      0.0000
   3631.9199,      0.0000,    312.6355,      0.0020,      6.0000,      0.0000,      0.0000,      0.0000,      0.0000
   4179.2798,      0.0000,    314.9770,      0.0014,      6.0000,      0.0000,      0.0000,      0.0000,      0.0000
   4810.2402,      0.0000,    316.3707,      0.0012,      6.0000,      0.0000,      0.0000,      0.0000,      0.0000
   5537.3999,      0.0000,    321.8934,      0.0004,      6.0000,      0.0000,      0.0000,      0.0000,      0.0000
   6375.2998,      0.0000,    325.2243,      0.0002,      6.0000,      0.0000,      0.0000,      0.0000,      0.0000
   7340.7100,      0.0000,    326.3034,      0.0002,      6.0000,      0.0000,      0.0000,      0.0000,      0.0000
   8452.9404,      0.0000,    328.5817,      0.0000,      6.0000,      0.0000,      0.0000,      0.0000,      0.0000
   9734.2197,      0.0000,    330.5561,      0.0000,      6.0000,      0.0000,      0.0000,      0.0000,      0.0000
  11210.1904,      0.0000,    335.6141,      0.0000,      6.0000,      0.0000,      0.0000,      0.0000,      0.0000
 TIME =,    10.00000    
    HGHT(m) Press(mb) TEMP(TH)  MIXR(kg/kg)   U(m/s)   V(m/s) KM        KH       Turbulent Heating   Radiational Heating
      1.5000,      0.0000,    275.2213,      0.0042,      0.9707,      0.9407,      0.0000,     -0.0003,      0.0000
      3.0000,      0.0000,    275.7826,      0.0042,      1.2779,      1.2188,      0.0224,     -0.0003,      0.0000
      4.5000,      0.0000,    276.3226,      0.0043,      1.5732,      1.4531,      0.0224,     -0.0003,      0.0000
      6.3100,      0.0000,    277.0078,      0.0044,      1.9451,      1.7039,      0.0202,     -0.0003,      0.0000
      8.3200,      0.0000,    277.8520,      0.0045,      2.3954,      1.9475,      0.0170,     -0.0004,      0.0000
     10.3400,      0.0000,    278.8307,      0.0047,      2.9000,      2.1502,      0.0136,     -0.0004,      0.0000
     12.3800,      0.0000,    279.9903,      0.0048,      3.4696,      2.2967,      0.0104,     -0.0005,      0.0000
     14.4200,      0.0000,    281.3748,      0.0049,      4.1037,      2.3609,      0.0076,     -0.0005,      0.0000
     16.4800,      0.0000,    283.0721,      0.0051,      4.8055,      2.3059,      0.0052,     -0.0006,      0.0000
     18.5500,      0.0000,    285.1800,      0.0052,      5.5524,      2.0765,      0.0033,     -0.0006,      0.0000
     20.6500,      0.0000,    287.8665,      0.0053,      6.2888,      1.5900,      0.0019,     -0.0005,      0.0000
     22.7600,      0.0000,    291.1476,      0.0052,      6.8264,      0.7816,      0.0008,     -0.0002,      0.0000
     24.9000,      0.0000,    293.5473,      0.0047,      6.7801,      0.1034,      0.0000,      0.0000,      0.0000
     27.0600,      0.0000,    293.6677,      0.0044,      6.5954,      0.0773,      0.0000,      0.0000,      0.0000
     29.2500,      0.0000,    293.7754,      0.0041,      6.4195,      0.0534,      0.0000,      0.0000,      0.0000
     31.4700,      0.0000,    293.8732,      0.0038,      6.2506,      0.0316,      0.0000,      0.0000,      0.0000
     33.7200,      0.0000,    293.9610,      0.0035,      6.0895,      0.0112,      0.0000,      0.0000,      0.0000
     36.0000,      0.0000,    294.0000,      0.0033,      6.0000,      0.0001,      0.0000,      0.0000,      0.0000
     38.3200,      0.0000,    294.0000,      0.0033,      6.0000,      0.0001,      0.0016,      0.0000,      0.0000
     40.6800,      0.0000,    294.0000,      0.0033,      6.0000,      0.0001,      0.0018,      0.0000,      0.0000
     43.0800,      0.0000,    294.0000,      0.0033,      6.0000,      0.0000,      0.0019,      0.0000,      0.0000
     45.5200,      0.0000,    294.0000,      0.0033,      6.0000,      0.0000,      0.0018,      0.0000,      0.0000
     48.0100,      0.0000,    294.0000,      0.0033,      6.0000,      0.0000,      0.0016,      0.0000,      0.0000
     50.5400,      0.0000,    294.0000,      0.0033,      6.0000,      0.0000,      0.0014,      0.0000,      0.0000
     53.1300,      0.0000,    294.0000,      0.0033,      6.0000,      0.0000,      0.0010,      0.0000,      0.0000
     55.7700,      0.0000,    294.0000,      0.0033,      6.0000,      0.0000,      0.0005,      0.0000,      0.0000
     58.4600,      0.0000,    294.0000,      0.0033,      6.0000,      0.0000,      0.0001,      0.0000,      0.0000
     61.2100,      0.0000,    294.0000,      0.0033,      6.0000,      0.0000,      0.0000,      0.0000,      0.0000
     64.0300,      0.0000,    294.0000,      0.0033,      6.0000,      0.0000,      0.0000,      0.0000,      0.0000
     66.9100,      0.0000,    294.0000,      0.0033,      6.0000,      0.0000,      0.0000,      0.0000,      0.0000
     69.8500,      0.0000,    294.0000,      0.0032,      6.0000,      0.0000,      0.0000,      0.0000,      0.0000
     72.8700,      0.0000,    294.0000,      0.0032,      6.0000,      0.0000,      0.0000,      0.0000,      0.0000
     75.9500,      0.0000,    294.0000,      0.0032,      6.0000,      0.0000,      0.0000,      0.0000,      0.0000
     79.1200,      0.0000,    294.0000,      0.0032,      6.0000,      0.0000,      0.0000,      0.0000,      0.0000
     82.3600,      0.0000,    294.0000,      0.0032,      6.0000,      0.0000,      0.0000,      0.0000,      0.0000
     85.6900,      0.0000,    294.0000,      0.0032,      6.0000,      0.0000,      0.0000,      0.0000,      0.0000
     89.1000,      0.0000,    294.0000,      0.0031,      6.0000,      0.0000,      0.0000,      0.0000,      0.0000
     92.6000,      0.0000,    294.0000,      0.0031,      6.0000,      0.0000,      0.0000,      0.0000,      0.0000
     96.1900,      0.0000,    294.0000,      0.0031,      6.0000,      0.0000,      0.0000,      0.0000,      0.0000
     99.8800,      0.0000,    294.0000,      0.0031,      6.0000,      0.0000,      0.0000,      0.0000,      0.0000
    103.6700,      0.0000,    294.0000,      0.0031,      6.0000,      0.0000,      0.0000,      0.0000,      0.0000
    107.5600,      0.0000,    294.0000,      0.0031,      6.0000,      0.0000,      0.0000,      0.0000,      0.0000
    111.5600,      0.0000,    294.0000,      0.0030,      6.0000,      0.0000,      0.0000,      0.0000,      0.0000
    115.6700,      0.0000,    294.0000,      0.0030,      6.0000,      0.0000,      0.0000,      0.0000,      0.0000
    119.9000,      0.0000,    294.0000,      0.0030,      6.0000,      0.0000,      0.0000,      0.0000,      0.0000
    124.2500,      0.0000,    294.0000,      0.0030,      6.0000,      0.0000,      0.0000,      0.0000,      0.0000
    128.7200,      0.0000,    294.0000,      0.0029,      6.0000,      0.0000,      0.0000,      0.0000,      0.0000
    133.3200,      0.0000,    294.0000,      0.0029,      6.0000,      0.0000,      0.0000,      0.0000,      0.0000
    138.0500,      0.0000,    294.0000,      0.0029,      6.0000,      0.0000,      0.0000,      0.0000,      0.0000
    142.9200,      0.0000,    294.0000,      0.0029,      6.0000,      0.0000,      0.0000,      0.0000,      0.0000
    147.9400,      0.0000,    294.0000,      0.0028,      6.0000,      0.0000,      0.0000,      0.0000,      0.0000
    153.1000,      0.0000,    294.0000,      0.0028,      6.0000,      0.0000,      0.0000,      0.0000,      0.0000
    158.4200,      0.0000,    294.0000,      0.0028,      6.0000,      0.0000,      0.0000,      0.0000,      0.0000
    163.8900,      0.0000,    294.0000,      0.0028,      6.0000,      0.0000,      0.0000,      0.0000,      0.0000
    169.5300,      0.0000,    294.0000,      0.0027,      6.0000,      0.0000,      0.0000,      0.0000,      0.0000
    175.8400,      0.0000,    294.0000,      0.0027,      6.0000,      0.0000,      0.0000,      0.0000,      0.0000
    182.8600,      0.0000,    294.0000,      0.0027,      6.0000,      0.0000,      0.0000,      0.0000,      0.0000
    190.6100,      0.0000,    294.0000,      0.0026,      6.0000,      0.0000,      0.0000,      0.0000,      0.0000
    199.1300,      0.0000,    294.0000,      0.0026,      6.0000,      0.0000,      0.0000,      0.0000,      0.0000
    208.4400,      0.0000,    294.0000,      0.0025,      6.0000,      0.0000,      0.0000,      0.0000,      0.0000
    218.5800,      0.0000,    294.0000,      0.0025,      6.0000,      0.0000,      0.0000,      0.0000,      0.0000
    229.6000,      0.0000,    294.0000,      0.0024,      6.0000,      0.0000,      0.0000,      0.0000,      0.0000
    241.5300,      0.0000,    294.0000,      0.0024,      6.0000,      0.0000,      0.0000,      0.0000,      0.0000
    254.4400,      0.0000,    294.0000,      0.0024,      6.0000,      0.0000,      0.0000,      0.0000,      0.0000
    268.3600,      0.0000,    294.0000,      0.0024,      6.0000,      0.0000,      0.0000,      0.0000,      0.0000
    283.3500,      0.0000,    294.0000,      0.0024,      6.0000,      0.0000,      0.0000,      0.0000,      0.0000
    299.4800,      0.0000,    294.0000,      0.0024,      6.0000,      0.0000,      0.0000,      0.0000,      0.0000
    316.8000,      0.0000,    294.0000,      0.0024,      6.0000,      0.0000,      0.0000,      0.0000,      0.0000
    335.3900,      0.0000,    294.0000,      0.0024,      6.0000,      0.0000,      0.0000,      0.0000,      0.0000
    355.3300,      0.0000,    294.0000,      0.0024,      6.0000,      0.0000,      0.0000,      0.0000,      0.0000
    376.6800,      0.0000,    294.0000,      0.0024,      6.0000,      0.0000,      0.0000,      0.0000,      0.0000
    399.5400,      0.0000,    294.0000,      0.0024,      6.0000,      0.0000,      0.0000,      0.0000,      0.0000
    424.0000,      0.0000,    294.0000,      0.0024,      6.0000,      0.0000,      0.0000,      0.0000,      0.0000
    450.1600,      0.0000,    294.0000,      0.0024,      6.0000,      0.0000,      0.0000,      0.0000,      0.0000
    478.1100,      0.0000,    294.0000,      0.0024,      6.0000,      0.0000,      0.0000,      0.0000,      0.0000
    507.9800,      0.0000,    294.0022,      0.0024,      6.0000,      0.0000,      0.0000,      0.0000,      0.0000
    548.0100,      0.0000,    294.0287,      0.0024,      6.0000,      0.0000,      0.0000,      0.0000,      0.0000
    599.0000,      0.0000,    294.0646,      0.0024,      6.0000,      0.0000,      0.0000,      0.0000,      0.0000
    661.9700,      0.0000,    294.1122,      0.0024,      6.0000,      0.0000,      0.0000,      0.0000,      0.0000
    738.1800,      0.0000,    294.1755,      0.0024,      6.0000,      0.0000,      0.0000,      0.0000,      0.0000
    829.1500,      0.0000,    294.2692,      0.0025,      6.0000,      0.0000,      0.0000,      0.0000,      0.0000
    936.7000,      0.0000,    294.3897,      0.0025,      6.0000,      0.0000,      0.0000,      0.0000,      0.0000
   1062.9900,      0.0000,    294.5451,      0.0026,      6.0000,      0.0000,      0.0000,      0.0000,      0.0000
   1210.5400,      0.0000,    294.7465,      0.0027,      6.0000,      0.0000,      0.0000,      0.0000,      0.0000
   1382.3000,      0.0000,    295.2614,      0.0028,      6.0000,      0.0000,      0.0000,      0.0000,      0.0000
   1581.7000,      0.0000,    297.2813,      0.0032,      6.0000,      0.0000,      0.0000,      0.0000,      0.0000
   1812.7400,      0.0000,    300.0138,      0.0036,      6.0000,      0.0000,      0.0000,      0.0000,      0.0000
   2080.0400,      0.0000,    303.2098,      0.0041,      6.0000,      0.0000,      0.0000,      0.0000,      0.0000
   2388.9299,      0.0000,    305.9275,      0.0039,      6.0000,      0.0000,      0.0000,      0.0000,      0.0000
   2745.6001,      0.0000,    308.2111,      0.0035,      6.0000,      0.0000,      0.0000,      0.0000,      0.0000
   3157.1899,      0.0000,    310.4839,      0.0029,      6.0000,      0.0000,      0.0000,      0.0000,      0.0000
   3631.9199,      0.0000,    312.6355,      0.0020,      6.0000,      0.0000,      0.0000,      0.0000,      0.0000
   4179.2798,      0.0000,    314.9770,      0.0014,      6.0000,      0.0000,      0.0000,      0.0000,      0.0000
   4810.2402,      0.0000,    316.3707,      0.0012,      6.0000,      0.0000,      0.0000,      0.0000,      0.0000
   5537.3999,      0.0000,    321.8934,      0.0004,      6.0000,      0.0000,      0.0000,      0.0000,      0.0000
   6375.2998,      0.0000,    325.2243,      0.0002,      6.0000,      0.0000,      0.0000,      0.0000,      0.0000
   7340.7100,      0.0000,    326.3034,      0.0002,      6.0000,      0.0000,      0.0000,      0.0000,      0.0000
   8452.9404,      0.0000,    328.5817,      0.0000,      6.0000,      0.0000,      0.0000,      0.0000,      0.0000
   9734.2197,      0.0000,    330.5561,      0.0000,      6.0000,      0.0000,      0.0000,      0.0000,      0.0000
  11210.1904,      0.0000,    335.6141,      0.0000,      6.0000,      0.0000,      0.0000,      0.0000,      0.0000
 TIME =,    13.00000    
    HGHT(m) Press(mb) TEMP(TH)  MIXR(kg/kg)   U(m/s)   V(m/s) KM        KH       Turbulent Heating   Radiational Heating
      1.5000,      0.0000,    273.3257,      0.0037,      0.8986,      0.9206,      0.0000,     -0.0002,      0.0000
      3.0000,      0.0000,    273.7288,      0.0038,      1.1631,      1.1758,      0.0279,     -0.0002,      0.0000
      4.5000,      0.0000,    274.1064,      0.0038,      1.4096,      1.3877,      0.0289,     -0.0002,      0.0000
      6.3100,      0.0000,    274.5798,      0.0039,      1.7149,      1.6163,      0.0268,     -0.0002,      0.0000
      8.3200,      0.0000,    275.1604,      0.0040,      2.0814,      1.8447,      0.0230,     -0.0002,      0.0000
     10.3400,      0.0000,    275.8348,      0.0040,      2.4920,      2.0466,      0.0187,     -0.0003,      0.0000
     12.3800,      0.0000,    276.6418,      0.0041,      2.9596,      2.2132,      0.0145,     -0.0003,      0.0000
     14.4200,      0.0000,    277.6225,      0.0043,      3.4899,      2.3257,      0.0108,     -0.0003,      0.0000
     16.4800,      0.0000,    278.8622,      0.0044,      4.0968,      2.3563,      0.0076,     -0.0004,      0.0000
     18.5500,      0.0000,    280.4709,      0.0045,      4.7789,      2.2570,      0.0050,     -0.0004,      0.0000
     20.6500,      0.0000,    282.6615,      0.0047,      5.5222,      1.9477,      0.0030,     -0.0005,      0.0000
     22.7600,      0.0000,    285.7103,      0.0048,      6.2256,      1.3159,      0.0015,     -0.0005,      0.0000
     24.9000,      0.0000,    290.0220,      0.0048,      6.6122,      0.2611,      0.0006,     -0.0003,      0.0000
     27.0600,      0.0000,    293.6677,      0.0044,      6.3812,     -0.4634,      0.0000,      0.0000,      0.0000
     29.2500,      0.0000,    293.7754,      0.0041,      6.2676,     -0.3275,      0.0000,      0.0000,      0.0000
     31.4700,      0.0000,    293.8732,      0.0038,      6.1595,     -0.1958,      0.0000,      0.0000,      0.0000
     33.7200,      0.0000,    293.9610,      0.0035,      6.0569,     -0.0700,      0.0000,      0.0000,      0.0000
     36.0000,      0.0000,    294.0000,      0.0033,      6.0000,      0.0000,      0.0000,      0.0000,      0.0000
     38.3200,      0.0000,    294.0000,      0.0033,      6.0000,      0.0000,      0.0018,      0.0000,      0.0000
     40.6800,      0.0000,    294.0000,      0.0033,      6.0000,      0.0001,      0.0003,      0.0000,      0.0000
     43.0800,      0.0000,    294.0000,      0.0033,      6.0000,      0.0000,      0.0009,      0.0000,      0.0000
     45.5200,      0.0000,    294.0000,      0.0033,      6.0000,      0.0000,      0.0012,      0.0000,      0.0000
     48.0100,      0.0000,    294.0000,      0.0033,      6.0000,      0.0000,      0.0013,      0.0000,      0.0000
     50.5400,      0.0000,    294.0000,      0.0033,      6.0000,      0.0000,      0.0013,      0.0000,      0.0000
     53.1300,      0.0000,    294.0000,      0.0033,      6.0000,      0.0000,      0.0012,      0.0000,      0.0000
     55.7700,      0.0000,    294.0000,      0.0033,      6.0000,      0.0000,      0.0010,      0.0000,      0.0000
     58.4600,      0.0000,    294.0000,      0.0033,      6.0000,      0.0000,      0.0007,      0.0000,      0.0000
     61.2100,      0.0000,    294.0000,      0.0033,      6.0000,      0.0000,      0.0003,      0.0000,      0.0000
     64.0300,      0.0000,    294.0000,      0.0033,      6.0000,      0.0000,      0.0000,      0.0000,      0.0000
     66.9100,      0.0000,    294.0000,      0.0033,      6.0000,      0.0000,      0.0000,      0.0000,      0.0000
     69.8500,      0.0000,    294.0000,      0.0032,      6.0000,      0.0000,      0.0000,      0.0000,      0.0000
     72.8700,      0.0000,    294.0000,      0.0032,      6.0000,      0.0000,      0.0000,      0.0000,      0.0000
     75.9500,      0.0000,    294.0000,      0.0032,      6.0000,      0.0000,      0.0000,      0.0000,      0.0000
     79.1200,      0.0000,    294.0000,      0.0032,      6.0000,      0.0000,      0.0000,      0.0000,      0.0000
     82.3600,      0.0000,    294.0000,      0.0032,      6.0000,      0.0000,      0.0000,      0.0000,      0.0000
     85.6900,      0.0000,    294.0000,      0.0032,      6.0000,      0.0000,      0.0000,      0.0000,      0.0000
     89.1000,      0.0000,    294.0000,      0.0031,      6.0000,      0.0000,      0.0000,      0.0000,      0.0000
     92.6000,      0.0000,    294.0000,      0.0031,      6.0000,      0.0000,      0.0000,      0.0000,      0.0000
     96.1900,      0.0000,    294.0000,      0.0031,      6.0000,      0.0000,      0.0000,      0.0000,      0.0000
     99.8800,      0.0000,    294.0000,      0.0031,      6.0000,      0.0000,      0.0000,      0.0000,      0.0000
    103.6700,      0.0000,    294.0000,      0.0031,      6.0000,      0.0000,      0.0000,      0.0000,      0.0000
    107.5600,      0.0000,    294.0000,      0.0031,      6.0000,      0.0000,      0.0000,      0.0000,      0.0000
    111.5600,      0.0000,    294.0000,      0.0030,      6.0000,      0.0000,      0.0000,      0.0000,      0.0000
    115.6700,      0.0000,    294.0000,      0.0030,      6.0000,      0.0000,      0.0000,      0.0000,      0.0000
    119.9000,      0.0000,    294.0000,      0.0030,      6.0000,      0.0000,      0.0000,      0.0000,      0.0000
    124.2500,      0.0000,    294.0000,      0.0030,      6.0000,      0.0000,      0.0000,      0.0000,      0.0000
    128.7200,      0.0000,    294.0000,      0.0029,      6.0000,      0.0000,      0.0000,      0.0000,      0.0000
    133.3200,      0.0000,    294.0000,      0.0029,      6.0000,      0.0000,      0.0000,      0.0000,      0.0000
    138.0500,      0.0000,    294.0000,      0.0029,      6.0000,      0.0000,      0.0000,      0.0000,      0.0000
    142.9200,      0.0000,    294.0000,      0.0029,      6.0000,      0.0000,      0.0000,      0.0000,      0.0000
    147.9400,      0.0000,    294.0000,      0.0028,      6.0000,      0.0000,      0.0000,      0.0000,      0.0000
    153.1000,      0.0000,    294.0000,      0.0028,      6.0000,      0.0000,      0.0000,      0.0000,      0.0000
    158.4200,      0.0000,    294.0000,      0.0028,      6.0000,      0.0000,      0.0000,      0.0000,      0.0000
    163.8900,      0.0000,    294.0000,      0.0028,      6.0000,      0.0000,      0.0000,      0.0000,      0.0000
    169.5300,      0.0000,    294.0000,      0.0027,      6.0000,      0.0000,      0.0000,      0.0000,      0.0000
    175.8400,      0.0000,    294.0000,      0.0027,      6.0000,      0.0000,      0.0000,      0.0000,      0.0000
    182.8600,      0.0000,    294.0000,      0.0027,      6.0000,      0.0000,      0.0000,      0.0000,      0.0000
    190.6100,      0.0000,    294.0000,      0.0026,      6.0000,      0.0000,      0.0000,      0.0000,      0.0000
    199.1300,      0.0000,    294.0000,      0.0026,      6.0000,      0.0000,      0.0000,      0.0000,      0.0000
    208.4400,      0.0000,    294.0000,      0.0025,      6.0000,      0.0000,      0.0000,      0.0000,      0.0000
    218.5800,      0.0000,    294.0000,      0.0025,      6.0000,      0.0000,      0.0000,      0.0000,      0.0000
    229.6000,      0.0000,    294.0000,      0.0024,      6.0000,      0.0000,      0.0000,      0.0000,      0.0000
    241.5300,      0.0000,    294.0000,      0.0024,      6.0000,      0.0000,      0.0000,      0.0000,      0.0000
    254.4400,      0.0000,    294.0000,      0.0024,      6.0000,      0.0000,      0.0000,      0.0000,      0.0000
    268.3600,      0.0000,    294.0000,      0.0024,      6.0000,      0.0000,      0.0000,      0.0000,      0.0000
    283.3500,      0.0000,    294.0000,      0.0024,      6.0000,      0.0000,      0.0000,      0.0000,      0.0000
    299.4800,      0.0000,    294.0000,      0.0024,      6.0000,      0.0000,      0.0000,      0.0000,      0.0000
    316.8000,      0.0000,    294.0000,      0.0024,      6.0000,      0.0000,      0.0000,      0.0000,      0.0000
    335.3900,      0.0000,    294.0000,      0.0024,      6.0000,      0.0000,      0.0000,      0.0000,      0.0000
    355.3300,      0.0000,    294.0000,      0.0024,      6.0000,      0.0000,      0.0000,      0.0000,      0.0000
    376.6800,      0.0000,    294.0000,      0.0024,      6.0000,      0.0000,      0.0000,      0.0000,      0.0000
    399.5400,      0.0000,    294.0000,      0.0024,      6.0000,      0.0000,      0.0000,      0.0000,      0.0000
    424.0000,      0.0000,    294.0000,      0.0024,      6.0000,      0.0000,      0.0000,      0.0000,      0.0000
    450.1600,      0.0000,    294.0000,      0.0024,      6.0000,      0.0000,      0.0000,      0.0000,      0.0000
    478.1100,      0.0000,    294.0000,      0.0024,      6.0000,      0.0000,      0.0000,      0.0000,      0.0000
    507.9800,      0.0000,    294.0022,      0.0024,      6.0000,      0.0000,      0.0000,      0.0000,      0.0000
    548.0100,      0.0000,    294.0287,      0.0024,      6.0000,      0.0000,      0.0000,      0.0000,      0.0000
    599.0000,      0.0000,    294.0646,      0.0024,      6.0000,      0.0000,      0.0000,      0.0000,      0.0000
    661.9700,      0.0000,    294.1122,      0.0024,      6.0000,      0.0000,      0.0000,      0.0000,      0.0000
    738.1800,      0.0000,    294.1755,      0.0024,      6.0000,      0.0000,      0.0000,      0.0000,      0.0000
    829.1500,      0.0000,    294.2692,      0.0025,      6.0000,      0.0000,      0.0000,      0.0000,      0.0000
    936.7000,      0.0000,    294.3897,      0.0025,      6.0000,      0.0000,      0.0000,      0.0000,      0.0000
   1062.9900,      0.0000,    294.5451,      0.0026,      6.0000,      0.0000,      0.0000,      0.0000,      0.0000
   1210.5400,      0.0000,    294.7465,      0.0027,      6.0000,      0.0000,      0.0000,      0.0000,      0.0000
   1382.3000,      0.0000,    295.2614,      0.0028,      6.0000,      0.0000,      0.0000,      0.0000,      0.0000
   1581.7000,      0.0000,    297.2813,      0.0032,      6.0000,      0.0000,      0.0000,      0.0000,      0.0000
   1812.7400,      0.0000,    300.0138,      0.0036,      6.0000,      0.0000,      0.0000,      0.0000,      0.0000
   2080.0400,      0.0000,    303.2098,      0.0041,      6.0000,      0.0000,      0.0000,      0.0000,      0.0000
   2388.9299,      0.0000,    305.9275,      0.0039,      6.0000,      0.0000,      0.0000,      0.0000,      0.0000
   2745.6001,      0.0000,    308.2111,      0.0035,      6.0000,      0.0000,      0.0000,      0.0000,      0.0000
   3157.1899,      0.0000,    310.4839,      0.0029,      6.0000,      0.0000,      0.0000,      0.0000,      0.0000
   3631.9199,      0.0000,    312.6355,      0.0020,      6.0000,      0.0000,      0.0000,      0.0000,      0.0000
   4179.2798,      0.0000,    314.9770,      0.0014,      6.0000,      0.0000,      0.0000,      0.0000,      0.0000
   4810.2402,      0.0000,    316.3707,      0.0012,      6.0000,      0.0000,      0.0000,      0.0000,      0.0000
   5537.3999,      0.0000,    321.8934,      0.0004,      6.0000,      0.0000,      0.0000,      0.0000,      0.0000
   6375.2998,      0.0000,    325.2243,      0.0002,      6.0000,      0.0000,      0.0000,      0.0000,      0.0000
   7340.7100,      0.0000,    326.3034,      0.0002,      6.0000,      0.0000,      0.0000,      0.0000,      0.0000
   8452.9404,      0.0000,    328.5817,      0.0000,      6.0000,      0.0000,      0.0000,      0.0000,      0.0000
   9734.2197,      0.0000,    330.5561,      0.0000,      6.0000,      0.0000,      0.0000,      0.0000,      0.0000
  11210.1904,      0.0000,    335.6141,      0.0000,      6.0000,      0.0000,      0.0000,      0.0000,      0.0000
