     Z         TH        U         V         Q         P
    2.000   304.000     2.000     0.000     1.000   999.800
    4.000   304.000     2.000     0.000     1.000   999.600
    6.000   304.001     2.000     0.000     1.000   999.400
    8.000   304.001     2.000     0.000     1.000   999.200
   10.000   304.001     2.000     0.000     1.000   999.000
   12.000   304.001     2.000     0.000     1.000   998.800
   14.000   304.001     2.000     0.000     1.000   998.600
   16.000   304.002     2.000     0.000     1.000   998.400
   18.000   304.002     2.000     0.000     1.000   998.200
   20.000   304.002     2.000     0.000     1.000   998.000
   22.000   304.002     2.000     0.000     1.000   997.800
   24.000   304.002     2.000     0.000     1.000   997.600
   26.000   304.003     2.000     0.000     1.000   997.400
   28.000   304.003     2.000     0.000     1.000   997.200
   30.000   304.003     2.000     0.000     1.000   997.000
   32.000   304.003     2.000     0.000     1.000   996.800
   34.000   304.003     2.000     0.000     1.000   996.600
   36.000   304.004     2.000     0.000     1.000   996.400
   38.000   304.004     2.000     0.000     1.000   996.200
   40.000   304.004     2.000     0.000     1.000   996.000
   42.000   304.004     2.000     0.000     1.000   995.800
   44.000   304.004     2.000     0.000     1.000   995.600
   46.000   304.005     2.000     0.000     1.000   995.400
   48.000   304.005     2.000     0.000     1.000   995.200
   50.000   304.005     2.000     0.000     1.000   995.000
   52.000   304.005     2.000     0.000     1.000   994.800
   54.000   304.005     2.000     0.000     1.000   994.600
   56.000   304.006     2.000     0.000     1.000   994.400
   58.000   304.006     2.000     0.000     1.000   994.200
   60.000   304.006     2.000     0.000     1.000   994.000
   62.000   304.006     2.000     0.000     1.000   993.800
   64.000   304.006     2.000     0.000     1.000   993.600
   66.000   304.007     2.000     0.000     1.000   993.400
   68.000   304.007     2.000     0.000     1.000   993.200
   70.000   304.007     2.000     0.000     1.000   993.000
   72.000   304.007     2.000     0.000     1.000   992.800
   74.000   304.007     2.000     0.000     1.000   992.600
   76.000   304.008     2.000     0.000     1.000   992.400
   78.000   304.008     2.000     0.000     1.000   992.200
   80.000   304.008     2.000     0.000     1.000   992.000
   82.000   304.008     2.000     0.000     1.000   991.800
   84.000   304.008     2.000     0.000     1.000   991.600
   86.000   304.009     2.000     0.000     1.000   991.400
   88.000   304.009     2.000     0.000     1.000   991.200
   90.000   304.009     2.000     0.000     1.000   991.000
   92.000   304.009     2.000     0.000     1.000   990.800
   94.000   304.009     2.000     0.000     1.000   990.600
   96.000   304.010     2.000     0.000     1.000   990.400
   98.000   304.010     2.000     0.000     1.000   990.200
  100.000   304.010     2.000     0.000     1.000   990.000
  102.000   304.010     2.000     0.000     1.000   989.800
  104.000   304.010     2.000     0.000     1.000   989.600
  106.000   304.011     2.000     0.000     1.000   989.400
  108.000   304.011     2.000     0.000     1.000   989.200
  110.000   304.011     2.000     0.000     1.000   989.000
  112.000   304.011     2.000     0.000     1.000   988.800
  114.000   304.011     2.000     0.000     1.000   988.600
  116.000   304.012     2.000     0.000     1.000   988.400
  118.000   304.012     2.000     0.000     1.000   988.200
  120.000   304.012     2.000     0.000     1.000   988.000
  122.000   304.012     2.000     0.000     1.000   987.800
  124.000   304.012     2.000     0.000     1.000   987.600
  126.000   304.013     2.000     0.000     1.000   987.400
  128.000   304.013     2.000     0.000     1.000   987.200
  130.000   304.013     2.000     0.000     1.000   987.000
  132.000   304.013     2.000     0.000     1.000   986.800
  134.000   304.013     2.000     0.000     1.000   986.600
  136.000   304.014     2.000     0.000     1.000   986.400
  138.000   304.014     2.000     0.000     1.000   986.200
  140.000   304.014     2.000     0.000     1.000   986.000
  142.000   304.014     2.000     0.000     1.000   985.800
  144.000   304.014     2.000     0.000     1.000   985.600
  146.000   304.015     2.000     0.000     1.000   985.400
  148.000   304.015     2.000     0.000     1.000   985.200
  150.000   304.015     2.000     0.000     1.000   985.000
  152.000   304.015     2.000     0.000     1.000   984.800
  154.000   304.015     2.000     0.000     1.000   984.600
  156.000   304.016     2.000     0.000     1.000   984.400
  158.000   304.016     2.000     0.000     1.000   984.200
  160.000   304.016     2.000     0.000     1.000   984.000
  162.000   304.016     2.000     0.000     1.000   983.800
  164.000   304.016     2.000     0.000     1.000   983.600
  166.000   304.017     2.000     0.000     1.000   983.400
  168.000   304.017     2.000     0.000     1.000   983.200
  170.000   304.017     2.000     0.000     1.000   983.000
  172.000   304.017     2.000     0.000     1.000   982.800
  174.000   304.017     2.000     0.000     1.000   982.600
  176.000   304.018     2.000     0.000     1.000   982.400
  178.000   304.018     2.000     0.000     1.000   982.200
  180.000   304.018     2.000     0.000     1.000   982.000
  182.000   304.018     2.000     0.000     1.000   981.800
  184.000   304.018     2.000     0.000     1.000   981.600
  186.000   304.019     2.000     0.000     1.000   981.400
  188.000   304.019     2.000     0.000     1.000   981.200
  190.000   304.019     2.000     0.000     1.000   981.000
  192.000   304.019     2.000     0.000     1.000   980.800
  194.000   304.019     2.000     0.000     1.000   980.600
  196.000   304.020     2.000     0.000     1.000   980.400
  198.000   304.020     2.000     0.000     1.000   980.200
  200.000   304.020     2.000     0.000     1.000   980.000
  202.000   304.020     2.000     0.000     1.000   979.800
  204.000   304.020     2.000     0.000     1.000   979.600
  206.000   304.021     2.000     0.000     1.000   979.400
  208.000   304.021     2.000     0.000     1.000   979.200
  210.000   304.021     2.000     0.000     1.000   979.000
  212.000   304.021     2.000     0.000     1.000   978.800
  214.000   304.021     2.000     0.000     1.000   978.600
  216.000   304.022     2.000     0.000     1.000   978.400
  218.000   304.022     2.000     0.000     1.000   978.200
  220.000   304.022     2.000     0.000     1.000   978.000
  222.000   304.022     2.000     0.000     1.000   977.800
  224.000   304.022     2.000     0.000     1.000   977.600
  226.000   304.023     2.000     0.000     1.000   977.400
  228.000   304.023     2.000     0.000     1.000   977.200
  230.000   304.023     2.000     0.000     1.000   977.000
  232.000   304.023     2.000     0.000     1.000   976.800
  234.000   304.023     2.000     0.000     1.000   976.600
  236.000   304.024     2.000     0.000     1.000   976.400
  238.000   304.024     2.000     0.000     1.000   976.200
  240.000   304.024     2.000     0.000     1.000   976.000
  242.000   304.024     2.000     0.000     1.000   975.800
  244.000   304.024     2.000     0.000     1.000   975.600
  246.000   304.025     2.000     0.000     1.000   975.400
  248.000   304.025     2.000     0.000     1.000   975.200
  250.000   304.025     2.000     0.000     1.000   975.000
  252.000   304.025     2.000     0.000     1.000   974.800
  254.000   304.025     2.000     0.000     1.000   974.600
  256.000   304.026     2.000     0.000     1.000   974.400
  258.000   304.026     2.000     0.000     1.000   974.200
  260.000   304.026     2.000     0.000     1.000   974.000
  262.000   304.026     2.000     0.000     1.000   973.800
  264.000   304.026     2.000     0.000     1.000   973.600
  266.000   304.027     2.000     0.000     1.000   973.400
  268.000   304.027     2.000     0.000     1.000   973.200
  270.000   304.027     2.000     0.000     1.000   973.000
  272.000   304.027     2.000     0.000     1.000   972.800
  274.000   304.027     2.000     0.000     1.000   972.600
  276.000   304.028     2.000     0.000     1.000   972.400
  278.000   304.028     2.000     0.000     1.000   972.200
  280.000   304.028     2.000     0.000     1.000   972.000
  282.000   304.028     2.000     0.000     1.000   971.800
  284.000   304.028     2.000     0.000     1.000   971.600
  286.000   304.029     2.000     0.000     1.000   971.400
  288.000   304.029     2.000     0.000     1.000   971.200
  290.000   304.029     2.000     0.000     1.000   971.000
  292.000   304.029     2.000     0.000     1.000   970.800
  294.000   304.029     2.000     0.000     1.000   970.600
  296.000   304.030     2.000     0.000     1.000   970.400
  298.000   304.030     2.000     0.000     1.000   970.200
  300.000   304.030     2.000     0.000     1.000   970.000
  302.000   304.030     2.000     0.000     1.000   969.800
  304.000   304.030     2.000     0.000     1.000   969.600
  306.000   304.031     2.000     0.000     1.000   969.400
  308.000   304.031     2.000     0.000     1.000   969.200
  310.000   304.031     2.000     0.000     1.000   969.000
  312.000   304.031     2.000     0.000     1.000   968.800
  314.000   304.031     2.000     0.000     1.000   968.600
  316.000   304.032     2.000     0.000     1.000   968.400
  318.000   304.032     2.000     0.000     1.000   968.200
  320.000   304.032     2.000     0.000     1.000   968.000
  322.000   304.032     2.000     0.000     1.000   967.800
  324.000   304.032     2.000     0.000     1.000   967.600
  326.000   304.033     2.000     0.000     1.000   967.400
  328.000   304.033     2.000     0.000     1.000   967.200
  330.000   304.033     2.000     0.000     1.000   967.000
  332.000   304.033     2.000     0.000     1.000   966.800
  334.000   304.033     2.000     0.000     1.000   966.600
  336.000   304.034     2.000     0.000     1.000   966.400
  338.000   304.034     2.000     0.000     1.000   966.200
  340.000   304.034     2.000     0.000     1.000   966.000
  342.000   304.034     2.000     0.000     1.000   965.800
  344.000   304.034     2.000     0.000     1.000   965.600
  346.000   304.035     2.000     0.000     1.000   965.400
  348.000   304.035     2.000     0.000     1.000   965.200
  350.000   304.035     2.000     0.000     1.000   965.000
  352.000   304.035     2.000     0.000     1.000   964.800
  354.000   304.035     2.000     0.000     1.000   964.600
  356.000   304.036     2.000     0.000     1.000   964.400
  358.000   304.036     2.000     0.000     1.000   964.200
  360.000   304.036     2.000     0.000     1.000   964.000
  362.000   304.036     2.000     0.000     1.000   963.800
  364.000   304.036     2.000     0.000     1.000   963.600
  366.000   304.037     2.000     0.000     1.000   963.400
  368.000   304.037     2.000     0.000     1.000   963.200
  370.000   304.037     2.000     0.000     1.000   963.000
  372.000   304.037     2.000     0.000     1.000   962.800
  374.000   304.037     2.000     0.000     1.000   962.600
  376.000   304.038     2.000     0.000     1.000   962.400
  378.000   304.038     2.000     0.000     1.000   962.200
  380.000   304.038     2.000     0.000     1.000   962.000
  382.000   304.038     2.000     0.000     1.000   961.800
  384.000   304.038     2.000     0.000     1.000   961.600
  386.000   304.039     2.000     0.000     1.000   961.400
  388.000   304.039     2.000     0.000     1.000   961.200
  390.000   304.039     2.000     0.000     1.000   961.000
  392.000   304.039     2.000     0.000     1.000   960.800
  394.000   304.039     2.000     0.000     1.000   960.600
  396.000   304.040     2.000     0.000     1.000   960.400
  398.000   304.040     2.000     0.000     1.000   960.200
  400.000   304.040     2.000     0.000     1.000   960.000
  402.000   304.040     2.000     0.000     1.000   959.800
  404.000   304.040     2.000     0.000     1.000   959.600
  406.000   304.041     2.000     0.000     1.000   959.400
  408.000   304.041     2.000     0.000     1.000   959.200
  410.000   304.041     2.000     0.000     1.000   959.000
  412.000   304.041     2.000     0.000     1.000   958.800
  414.000   304.041     2.000     0.000     1.000   958.600
  416.000   304.042     2.000     0.000     1.000   958.400
  418.000   304.042     2.000     0.000     1.000   958.200
  420.000   304.042     2.000     0.000     1.000   958.000
  422.000   304.042     2.000     0.000     1.000   957.800
  424.000   304.042     2.000     0.000     1.000   957.600
  426.000   304.043     2.000     0.000     1.000   957.400
  428.000   304.043     2.000     0.000     1.000   957.200
  430.000   304.043     2.000     0.000     1.000   957.000
  432.000   304.043     2.000     0.000     1.000   956.800
  434.000   304.043     2.000     0.000     1.000   956.600
  436.000   304.044     2.000     0.000     1.000   956.400
  438.000   304.044     2.000     0.000     1.000   956.200
  440.000   304.044     2.000     0.000     1.000   956.000
  442.000   304.044     2.000     0.000     1.000   955.800
  444.000   304.044     2.000     0.000     1.000   955.600
  446.000   304.045     2.000     0.000     1.000   955.400
  448.000   304.045     2.000     0.000     1.000   955.200
  450.000   304.045     2.000     0.000     1.000   955.000
  452.000   304.045     2.000     0.000     1.000   954.800
  454.000   304.045     2.000     0.000     1.000   954.600
  456.000   304.046     2.000     0.000     1.000   954.400
  458.000   304.046     2.000     0.000     1.000   954.200
  460.000   304.046     2.000     0.000     1.000   954.000
  462.000   304.046     2.000     0.000     1.000   953.800
  464.000   304.046     2.000     0.000     1.000   953.600
  466.000   304.047     2.000     0.000     1.000   953.400
  468.000   304.047     2.000     0.000     1.000   953.200
  470.000   304.047     2.000     0.000     1.000   953.000
  472.000   304.047     2.000     0.000     1.000   952.800
  474.000   304.047     2.000     0.000     1.000   952.600
  476.000   304.048     2.000     0.000     1.000   952.400
  478.000   304.048     2.000     0.000     1.000   952.200
  480.000   304.048     2.000     0.000     1.000   952.000
  482.000   304.048     2.000     0.000     1.000   951.800
  484.000   304.048     2.000     0.000     1.000   951.600
  486.000   304.049     2.000     0.000     1.000   951.400
  488.000   304.049     2.000     0.000     1.000   951.200
  490.000   304.049     2.000     0.000     1.000   951.000
  492.000   304.049     2.000     0.000     1.000   950.800
  494.000   304.049     2.000     0.000     1.000   950.600
  496.000   304.050     2.000     0.000     1.000   950.400
  498.000   304.050     2.000     0.000     1.000   950.200
  500.000   304.050     2.000     0.000     1.000   950.000
  502.000   304.050     2.000     0.000     1.000   949.800
  504.000   304.050     2.000     0.000     1.000   949.600
  506.000   304.051     2.000     0.000     1.000   949.400
  508.000   304.051     2.000     0.000     1.000   949.200
  510.000   304.051     2.000     0.000     1.000   949.000
  512.000   304.051     2.000     0.000     1.000   948.800
  514.000   304.051     2.000     0.000     1.000   948.600
  516.000   304.052     2.000     0.000     1.000   948.400
  518.000   304.052     2.000     0.000     1.000   948.200
  520.000   304.052     2.000     0.000     1.000   948.000
  522.000   304.052     2.000     0.000     1.000   947.800
  524.000   304.052     2.000     0.000     1.000   947.600
  526.000   304.053     2.000     0.000     1.000   947.400
  528.000   304.053     2.000     0.000     1.000   947.200
  530.000   304.053     2.000     0.000     1.000   947.000
  532.000   304.053     2.000     0.000     1.000   946.800
  534.000   304.053     2.000     0.000     1.000   946.600
  536.000   304.054     2.000     0.000     1.000   946.400
  538.000   304.054     2.000     0.000     1.000   946.200
  540.000   304.054     2.000     0.000     1.000   946.000
  542.000   304.054     2.000     0.000     1.000   945.800
  544.000   304.054     2.000     0.000     1.000   945.600
  546.000   304.055     2.000     0.000     1.000   945.400
  548.000   304.055     2.000     0.000     1.000   945.200
  550.000   304.055     2.000     0.000     1.000   945.000
  552.000   304.055     2.000     0.000     1.000   944.800
  554.000   304.055     2.000     0.000     1.000   944.600
  556.000   304.056     2.000     0.000     1.000   944.400
  558.000   304.056     2.000     0.000     1.000   944.200
  560.000   304.056     2.000     0.000     1.000   944.000
  562.000   304.056     2.000     0.000     1.000   943.800
  564.000   304.056     2.000     0.000     1.000   943.600
  566.000   304.057     2.000     0.000     1.000   943.400
  568.000   304.057     2.000     0.000     1.000   943.200
  570.000   304.057     2.000     0.000     1.000   943.000
  572.000   304.057     2.000     0.000     1.000   942.800
  574.000   304.057     2.000     0.000     1.000   942.600
  576.000   304.058     2.000     0.000     1.000   942.400
  578.000   304.058     2.000     0.000     1.000   942.200
  580.000   304.058     2.000     0.000     1.000   942.000
  582.000   304.058     2.000     0.000     1.000   941.800
  584.000   304.058     2.000     0.000     1.000   941.600
  586.000   304.059     2.000     0.000     1.000   941.400
  588.000   304.059     2.000     0.000     1.000   941.200
  590.000   304.059     2.000     0.000     1.000   941.000
  592.000   304.059     2.000     0.000     1.000   940.800
  594.000   304.059     2.000     0.000     1.000   940.600
  596.000   304.060     2.000     0.000     1.000   940.400
  598.000   304.060     2.000     0.000     1.000   940.200
  600.000   304.060     2.000     0.000     1.000   940.000
  602.000   304.060     2.000     0.000     1.000   939.800
  604.000   304.060     2.000     0.000     1.000   939.600
  606.000   304.061     2.000     0.000     1.000   939.400
  608.000   304.061     2.000     0.000     1.000   939.200
  610.000   304.061     2.000     0.000     1.000   939.000
  612.000   304.061     2.000     0.000     1.000   938.800
  614.000   304.061     2.000     0.000     1.000   938.600
  616.000   304.062     2.000     0.000     1.000   938.400
  618.000   304.062     2.000     0.000     1.000   938.200
  620.000   304.062     2.000     0.000     1.000   938.000
  622.000   304.062     2.000     0.000     1.000   937.800
  624.000   304.062     2.000     0.000     1.000   937.600
  626.000   304.063     2.000     0.000     1.000   937.400
  628.000   304.063     2.000     0.000     1.000   937.200
  630.000   304.063     2.000     0.000     1.000   937.000
  632.000   304.063     2.000     0.000     1.000   936.800
  634.000   304.063     2.000     0.000     1.000   936.600
  636.000   304.064     2.000     0.000     1.000   936.400
  638.000   304.064     2.000     0.000     1.000   936.200
  640.000   304.064     2.000     0.000     1.000   936.000
  642.000   304.064     2.000     0.000     1.000   935.800
  644.000   304.064     2.000     0.000     1.000   935.600
  646.000   304.065     2.000     0.000     1.000   935.400
  648.000   304.065     2.000     0.000     1.000   935.200
  650.000   304.065     2.000     0.000     1.000   935.000
  652.000   304.065     2.000     0.000     1.000   934.800
  654.000   304.065     2.000     0.000     1.000   934.600
  656.000   304.066     2.000     0.000     1.000   934.400
  658.000   304.066     2.000     0.000     1.000   934.200
  660.000   304.066     2.000     0.000     1.000   934.000
  662.000   304.066     2.000     0.000     1.000   933.800
  664.000   304.066     2.000     0.000     1.000   933.600
  666.000   304.067     2.000     0.000     1.000   933.400
  668.000   304.067     2.000     0.000     1.000   933.200
  670.000   304.067     2.000     0.000     1.000   933.000
  672.000   304.067     2.000     0.000     1.000   932.800
  674.000   304.067     2.000     0.000     1.000   932.600
  676.000   304.068     2.000     0.000     1.000   932.400
  678.000   304.068     2.000     0.000     1.000   932.200
  680.000   304.068     2.000     0.000     1.000   932.000
  682.000   304.068     2.000     0.000     1.000   931.800
  684.000   304.068     2.000     0.000     1.000   931.600
  686.000   304.069     2.000     0.000     1.000   931.400
  688.000   304.069     2.000     0.000     1.000   931.200
  690.000   304.069     2.000     0.000     1.000   931.000
  692.000   304.069     2.000     0.000     1.000   930.800
  694.000   304.069     2.000     0.000     1.000   930.600
  696.000   304.070     2.000     0.000     1.000   930.400
  698.000   304.070     2.000     0.000     1.000   930.200
  700.000   304.070     2.000     0.000     1.000   930.000
  702.000   304.070     2.000     0.000     1.000   929.800
  704.000   304.070     2.000     0.000     1.000   929.600
  706.000   304.071     2.000     0.000     1.000   929.400
  708.000   304.071     2.000     0.000     1.000   929.200
  710.000   304.071     2.000     0.000     1.000   929.000
  712.000   304.071     2.000     0.000     1.000   928.800
  714.000   304.071     2.000     0.000     1.000   928.600
  716.000   304.072     2.000     0.000     1.000   928.400
  718.000   304.072     2.000     0.000     1.000   928.200
  720.000   304.072     2.000     0.000     1.000   928.000
  722.000   304.072     2.000     0.000     1.000   927.800
  724.000   304.072     2.000     0.000     1.000   927.600
  726.000   304.073     2.000     0.000     1.000   927.400
  728.000   304.073     2.000     0.000     1.000   927.200
  730.000   304.073     2.000     0.000     1.000   927.000
  732.000   304.073     2.000     0.000     1.000   926.800
  734.000   304.073     2.000     0.000     1.000   926.600
  736.000   304.074     2.000     0.000     1.000   926.400
  738.000   304.074     2.000     0.000     1.000   926.200
  740.000   304.074     2.000     0.000     1.000   926.000
  742.000   304.074     2.000     0.000     1.000   925.800
  744.000   304.074     2.000     0.000     1.000   925.600
  746.000   304.075     2.000     0.000     1.000   925.400
  748.000   304.075     2.000     0.000     1.000   925.200
  750.000   304.075     2.000     0.000     1.000   925.000
  752.000   304.075     2.000     0.000     1.000   924.800
  754.000   304.075     2.000     0.000     1.000   924.600
  756.000   304.076     2.000     0.000     1.000   924.400
  758.000   304.076     2.000     0.000     1.000   924.200
  760.000   304.076     2.000     0.000     1.000   924.000
  762.000   304.076     2.000     0.000     1.000   923.800
  764.000   304.076     2.000     0.000     1.000   923.600
  766.000   304.077     2.000     0.000     1.000   923.400
  768.000   304.077     2.000     0.000     1.000   923.200
  770.000   304.077     2.000     0.000     1.000   923.000
  772.000   304.077     2.000     0.000     1.000   922.800
  774.000   304.077     2.000     0.000     1.000   922.600
  776.000   304.078     2.000     0.000     1.000   922.400
  778.000   304.078     2.000     0.000     1.000   922.200
  780.000   304.078     2.000     0.000     1.000   922.000
  782.000   304.078     2.000     0.000     1.000   921.800
  784.000   304.078     2.000     0.000     1.000   921.600
  786.000   304.079     2.000     0.000     1.000   921.400
  788.000   304.079     2.000     0.000     1.000   921.200
  790.000   304.079     2.000     0.000     1.000   921.000
  792.000   304.079     2.000     0.000     1.000   920.800
  794.000   304.079     2.000     0.000     1.000   920.600
  796.000   304.080     2.000     0.000     1.000   920.400
  798.000   304.080     2.000     0.000     1.000   920.200
  800.000   304.080     2.000     0.000     1.000   920.000
  802.000   304.080     2.000     0.000     1.000   919.800
  804.000   304.080     2.000     0.000     1.000   919.600
  806.000   304.081     2.000     0.000     1.000   919.400
  808.000   304.081     2.000     0.000     1.000   919.200
  810.000   304.081     2.000     0.000     1.000   919.000
  812.000   304.081     2.000     0.000     1.000   918.800
  814.000   304.081     2.000     0.000     1.000   918.600
  816.000   304.082     2.000     0.000     1.000   918.400
  818.000   304.082     2.000     0.000     1.000   918.200
  820.000   304.082     2.000     0.000     1.000   918.000
  822.000   304.082     2.000     0.000     1.000   917.800
  824.000   304.082     2.000     0.000     1.000   917.600
  826.000   304.083     2.000     0.000     1.000   917.400
  828.000   304.083     2.000     0.000     1.000   917.200
  830.000   304.083     2.000     0.000     1.000   917.000
  832.000   304.083     2.000     0.000     1.000   916.800
  834.000   304.083     2.000     0.000     1.000   916.600
  836.000   304.084     2.000     0.000     1.000   916.400
  838.000   304.084     2.000     0.000     1.000   916.200
  840.000   304.084     2.000     0.000     1.000   916.000
  842.000   304.084     2.000     0.000     1.000   915.800
  844.000   304.084     2.000     0.000     1.000   915.600
  846.000   304.085     2.000     0.000     1.000   915.400
  848.000   304.085     2.000     0.000     1.000   915.200
  850.000   304.085     2.000     0.000     1.000   915.000
  852.000   304.085     2.000     0.000     1.000   914.800
  854.000   304.085     2.000     0.000     1.000   914.600
  856.000   304.086     2.000     0.000     1.000   914.400
  858.000   304.086     2.000     0.000     1.000   914.200
  860.000   304.086     2.000     0.000     1.000   914.000
  862.000   304.086     2.000     0.000     1.000   913.800
  864.000   304.086     2.000     0.000     1.000   913.600
  866.000   304.087     2.000     0.000     1.000   913.400
  868.000   304.087     2.000     0.000     1.000   913.200
  870.000   304.087     2.000     0.000     1.000   913.000
  872.000   304.087     2.000     0.000     1.000   912.800
  874.000   304.087     2.000     0.000     1.000   912.600
  876.000   304.088     2.000     0.000     1.000   912.400
  878.000   304.088     2.000     0.000     1.000   912.200
  880.000   304.088     2.000     0.000     1.000   912.000
  882.000   304.088     2.000     0.000     1.000   911.800
  884.000   304.088     2.000     0.000     1.000   911.600
  886.000   304.089     2.000     0.000     1.000   911.400
  888.000   304.089     2.000     0.000     1.000   911.200
  890.000   304.089     2.000     0.000     1.000   911.000
  892.000   304.089     2.000     0.000     1.000   910.800
  894.000   304.089     2.000     0.000     1.000   910.600
  896.000   304.090     2.000     0.000     1.000   910.400
  898.000   304.090     2.000     0.000     1.000   910.200
  900.000   304.090     2.000     0.000     1.000   910.000
  902.000   304.090     2.000     0.000     1.000   909.800
  904.000   304.090     2.000     0.000     1.000   909.600
  906.000   304.091     2.000     0.000     1.000   909.400
  908.000   304.091     2.000     0.000     1.000   909.200
  910.000   304.091     2.000     0.000     1.000   909.000
  912.000   304.091     2.000     0.000     1.000   908.800
  914.000   304.091     2.000     0.000     1.000   908.600
  916.000   304.092     2.000     0.000     1.000   908.400
  918.000   304.092     2.000     0.000     1.000   908.200
  920.000   304.092     2.000     0.000     1.000   908.000
  922.000   304.092     2.000     0.000     1.000   907.800
  924.000   304.092     2.000     0.000     1.000   907.600
  926.000   304.093     2.000     0.000     1.000   907.400
  928.000   304.093     2.000     0.000     1.000   907.200
  930.000   304.093     2.000     0.000     1.000   907.000
  932.000   304.093     2.000     0.000     1.000   906.800
  934.000   304.093     2.000     0.000     1.000   906.600
  936.000   304.094     2.000     0.000     1.000   906.400
  938.000   304.094     2.000     0.000     1.000   906.200
  940.000   304.094     2.000     0.000     1.000   906.000
  942.000   304.094     2.000     0.000     1.000   905.800
  944.000   304.094     2.000     0.000     1.000   905.600
  946.000   304.095     2.000     0.000     1.000   905.400
  948.000   304.095     2.000     0.000     1.000   905.200
  950.000   304.095     2.000     0.000     1.000   905.000
  952.000   304.095     2.000     0.000     1.000   904.800
  954.000   304.095     2.000     0.000     1.000   904.600
  956.000   304.096     2.000     0.000     1.000   904.400
  958.000   304.096     2.000     0.000     1.000   904.200
  960.000   304.096     2.000     0.000     1.000   904.000
  962.000   304.096     2.000     0.000     1.000   903.800
  964.000   304.096     2.000     0.000     1.000   903.600
  966.000   304.097     2.000     0.000     1.000   903.400
  968.000   304.097     2.000     0.000     1.000   903.200
  970.000   304.097     2.000     0.000     1.000   903.000
  972.000   304.097     2.000     0.000     1.000   902.800
  974.000   304.097     2.000     0.000     1.000   902.600
  976.000   304.098     2.000     0.000     1.000   902.400
  978.000   304.098     2.000     0.000     1.000   902.200
  980.000   304.098     2.000     0.000     1.000   902.000
  982.000   304.098     2.000     0.000     1.000   901.800
  984.000   304.098     2.000     0.000     1.000   901.600
  986.000   304.099     2.000     0.000     1.000   901.400
  988.000   304.099     2.000     0.000     1.000   901.200
  990.000   304.099     2.000     0.000     1.000   901.000
  992.000   304.099     2.000     0.000     1.000   900.800
  994.000   304.099     2.000     0.000     1.000   900.600
  996.000   304.100     2.000     0.000     1.000   900.400
  998.000   304.100     2.000     0.000     1.000   900.200
 1000.000   304.100     2.000     0.000     1.000   900.000
