 TIME =,    1.000000    
    HGHT(m) Press(mb) TEMP(TH)  MIXR(kg/kg)   U(m/s)   V(m/s) KM        KH       Turbulent Heating   Radiational Heating
    1.500000,    0.000000,  294.000000,    0.003000,    0.056549,    0.056283,    1.000000,         NaN,         NaN
    3.000000,    0.000000,  294.000000,    0.003000,    0.113094,    0.112035,    1.000000,         NaN,         NaN
    4.500000,    0.000000,  294.000000,    0.003000,    0.169636,    0.167259,    1.000000,         NaN,         NaN
    6.310000,    0.000000,  294.000000,    0.003000,    0.237850,    0.233197,    1.000000,         NaN,         NaN
    8.320000,    0.000000,  294.000000,    0.003000,    0.313586,    0.305530,    1.000000,         NaN,         NaN
   10.340000,    0.000000,  294.000000,    0.003000,    0.389674,    0.377283,    1.000000,         NaN,         NaN
   12.380000,    0.000000,  294.000000,    0.003000,    0.466485,    0.448798,    1.000000,         NaN,         NaN
   14.420000,    0.000000,  294.000000,    0.003000,    0.543258,    0.519366,    1.000000,         NaN,         NaN
   16.480000,    0.000000,  294.000000,    0.003000,    0.620741,    0.589670,    1.000000,         NaN,         NaN
   18.549999,    0.000000,  294.000000,    0.003000,    0.698550,    0.659356,    1.000000,         NaN,         NaN
   20.650000,    0.000000,  294.000000,    0.003000,    0.777430,    0.729075,    1.000000,         NaN,         NaN
   22.760000,    0.000000,  294.000000,    0.003000,    0.856621,    0.798142,    1.000000,         NaN,         NaN
   24.900000,    0.000000,  294.000000,    0.003000,    0.936868,    0.867190,    1.000000,         NaN,         NaN
   27.059999,    0.000000,  294.000000,    0.003000,    1.017783,    0.935870,    1.000000,         NaN,         NaN
   29.250000,    0.000000,  294.000000,    0.003000,    1.099735,    1.004472,    1.000000,         NaN,         NaN
   31.469999,    0.000000,  294.000000,    0.003000,    1.182713,    1.072959,    1.000000,         NaN,         NaN
   33.720001,    0.000000,  294.000000,    0.003000,    1.266706,    1.141299,    1.000000,         NaN,         NaN
   36.000000,    0.000000,  294.000000,    0.003000,    1.351701,    1.209455,    1.000000,         NaN,         NaN
   38.320000,    0.000000,  294.000000,    0.003000,    1.438061,    1.277686,    1.000000,         NaN,         NaN
   40.680000,    0.000000,  294.000000,    0.003000,    1.525770,    1.345942,    1.000000,         NaN,         NaN
   43.080002,    0.000000,  294.000000,    0.003000,    1.614815,    1.414174,    1.000000,         NaN,         NaN
   45.520000,    0.000000,  294.000000,    0.003000,    1.705178,    1.482333,    1.000000,         NaN,         NaN
   48.009998,    0.000000,  294.000000,    0.003000,    1.797213,    1.550641,    1.000000,         NaN,         NaN
   50.540001,    0.000000,  294.000000,    0.003000,    1.890533,    1.618768,    1.000000,         NaN,         NaN
   53.130001,    0.000000,  294.000000,    0.003000,    1.985854,    1.687187,    1.000000,         NaN,         NaN
   55.770000,    0.000000,  294.000000,    0.003000,    2.082785,    1.755563,    1.000000,         NaN,         NaN
   58.459999,    0.000000,  294.000000,    0.003000,    2.181303,    1.823830,    1.000000,         NaN,         NaN
   61.209999,    0.000000,  294.000000,    0.003000,    2.281750,    1.892170,    1.000000,         NaN,         NaN
   64.029999,    0.000000,  294.000000,    0.003000,    2.384459,    1.960744,    1.000000,         NaN,         NaN
   66.910004,    0.000000,  294.000000,    0.003000,    2.489037,    2.029218,    1.000000,         NaN,         NaN
   69.849998,    0.000000,  294.000000,    0.003000,    2.595449,    2.097514,    1.000000,         NaN,         NaN
   72.870003,    0.000000,  294.000000,    0.003000,    2.704387,    2.165997,    1.000000,         NaN,         NaN
   75.949997,    0.000000,  294.000000,    0.003000,    2.815085,    2.234117,    1.000000,         NaN,         NaN
   79.120003,    0.000000,  294.000000,    0.003000,    2.928582,    2.302431,    1.000000,         NaN,         NaN
   82.360001,    0.000000,  294.000000,    0.003000,    3.044112,    2.370395,    1.000000,         NaN,         NaN
   85.690002,    0.000000,  294.000000,    0.003000,    3.162340,    2.438314,    1.000000,         NaN,         NaN
   89.099998,    0.000000,  294.000000,    0.003000,    3.282856,    2.505859,    1.000000,         NaN,         NaN
   92.599998,    0.000000,  294.000000,    0.003000,    3.405953,    2.573107,    1.000000,         NaN,         NaN
   96.190002,    0.000000,  294.000000,    0.003000,    3.531570,    2.639925,    1.000000,         NaN,         NaN
   99.879997,    0.000000,  294.000000,    0.003000,    3.659985,    2.706359,    1.000000,         NaN,         NaN
  103.669998,    0.000000,  294.000000,    0.003000,    3.791124,    2.772261,    1.000000,         NaN,         NaN
  107.559998,    0.000000,  294.000000,    0.003000,    3.924905,    2.837482,    1.000000,         NaN,         NaN
  111.559998,    0.000000,  294.000000,    0.003000,    4.061585,    2.902032,    1.000000,         NaN,         NaN
  115.669998,    0.000000,  294.000000,    0.003000,    4.201068,    2.965745,    1.000000,         NaN,         NaN
  119.900002,    0.000000,  294.000000,    0.002991,    4.343592,    3.028605,    1.000000,         NaN,         NaN
  124.250000,    0.000000,  294.000000,    0.002969,    4.489043,    3.090427,    1.000000,         NaN,         NaN
  128.720001,    0.000000,  294.000000,    0.002946,    4.637304,    3.151033,    1.000000,         NaN,         NaN
  133.320007,    0.000000,  294.000000,    0.002923,    4.788579,    3.210370,    1.000000,         NaN,         NaN
  138.050003,    0.000000,  294.000000,    0.002899,    4.942731,    3.268243,    1.000000,         NaN,         NaN
  142.919998,    0.000000,  294.000000,    0.002875,    5.099938,    3.324574,    1.000000,         NaN,         NaN
  147.940002,    0.000000,  294.000000,    0.002849,    5.260357,    3.379260,    1.000000,         NaN,         NaN
  153.100006,    0.000000,  294.000000,    0.002823,    5.423497,    3.431977,    1.000000,         NaN,         NaN
  158.419998,    0.000000,  294.000000,    0.002796,    5.589808,    3.482711,    1.000000,         NaN,         NaN
  163.889999,    0.000000,  294.000000,    0.002769,    5.758780,    3.531142,    1.000000,         NaN,         NaN
  169.529999,    0.000000,  294.000000,    0.002740,    5.930819,    3.577219,    1.000000,         NaN,         NaN
  175.839996,    0.000000,  294.000000,    0.002709,    6.120631,    3.624258,    1.000000,         NaN,         NaN
  182.860001,    0.000000,  294.000000,    0.002673,    6.328454,    3.671167,    1.000000,         NaN,         NaN
  190.610001,    0.000000,  294.000000,    0.002634,    6.553739,    3.716553,    1.000000,         NaN,         NaN
  199.130005,    0.000000,  294.000000,    0.002591,    6.796321,    3.759007,    1.000000,         NaN,         NaN
  208.440002,    0.000000,  294.000000,    0.002544,    7.055236,    3.796884,    1.000000,         NaN,         NaN
  218.580002,    0.000000,  294.000000,    0.002493,    7.329844,    3.828526,    1.000000,         NaN,         NaN
  229.600006,    0.000000,  294.000000,    0.002437,    7.619472,    3.852183,    1.000000,         NaN,         NaN
  241.529999,    0.000000,  294.000000,    0.002377,    7.922608,    3.865975,    1.000000,         NaN,         NaN
  254.440002,    0.000000,  294.000000,    0.002378,    8.238413,    3.868018,    1.000000,         NaN,         NaN
  268.359985,    0.000000,  294.000000,    0.002380,    8.564671,    3.856380,    1.000000,         NaN,         NaN
  283.350006,    0.000000,  294.000000,    0.002381,    8.899521,    3.829184,    1.000000,         NaN,         NaN
  299.480011,    0.000000,  294.000000,    0.002383,    9.240876,    3.784592,    1.000000,         NaN,         NaN
  316.799988,    0.000000,  294.000000,    0.002384,    9.585789,    3.720971,    1.000000,         NaN,         NaN
  335.390015,    0.000000,  294.000000,    0.002386,    9.931498,    3.636819,    1.000000,         NaN,         NaN
  355.329987,    0.000000,  294.000000,    0.002388,   10.274759,    3.530916,    1.000000,         NaN,         NaN
  376.679993,    0.000000,  294.000000,    0.002390,   10.611609,    3.402559,    1.000000,         NaN,         NaN
  399.540009,    0.000000,  294.000000,    0.002392,   10.938384,    3.251323,    1.000000,         NaN,         NaN
  424.000000,    0.000000,  294.000000,    0.002395,   11.250943,    3.077424,    1.000000,         NaN,         NaN
  450.160004,    0.000000,  294.000000,    0.002397,   11.545070,    2.881695,    1.000000,         NaN,         NaN
  478.109985,    0.000000,  294.000000,    0.002400,   11.816383,    2.665824,    1.000000,         NaN,         NaN
  507.980011,    0.000000,  294.002197,    0.002403,   12.060984,    2.432029,    1.000000,         NaN,         NaN
  548.010010,    0.000000,  294.028687,    0.002407,   12.322347,    2.120950,    1.000000,         NaN,         NaN
  599.000000,    0.000000,  294.064606,    0.002412,   12.559346,    1.740071,    1.000000,         NaN,         NaN
  661.969971,    0.000000,  294.112213,    0.002418,   12.730607,    1.309702,    1.000000,         NaN,         NaN
  738.179993,    0.000000,  294.175507,    0.002427,   12.803101,    0.865074,    1.000000,         NaN,         NaN
  829.150024,    0.000000,  294.269196,    0.002471,   12.762243,    0.453541,    1.000000,         NaN,         NaN
  936.700012,    0.000000,  294.389709,    0.002523,   12.620191,    0.124985,    1.000000,         NaN,         NaN
 1062.989990,    0.000000,  294.545105,    0.002584,   12.000000,    0.000000,    1.000000,         NaN,         NaN
 1210.540039,    0.000000,  294.746490,    0.002655,   12.000000,    0.000000,    1.000000,         NaN,         NaN
 1382.300049,    0.000000,  295.261414,    0.002818,   12.000000,    0.000000,    1.000000,         NaN,         NaN
 1581.699951,    0.000000,  297.281311,    0.003193,   12.000000,    0.000000,    1.000000,         NaN,         NaN
 1812.739990,    0.000000,  300.013794,    0.003638,   12.000000,    0.000000,    1.000000,         NaN,         NaN
 2080.040039,    0.000000,  303.209808,    0.004085,   12.000000,    0.000000,    1.000000,         NaN,         NaN
 2388.929932,    0.000000,  305.927490,    0.003924,   12.000000,    0.000000,    1.000000,         NaN,         NaN
 2745.600098,    0.000000,  308.211090,    0.003493,   12.000000,    0.000000,    1.000000,         NaN,         NaN
 3157.189941,    0.000000,  310.483887,    0.002865,   12.000000,    0.000000,    1.000000,         NaN,         NaN
 3631.919922,    0.000000,  312.635498,    0.002035,   12.000000,    0.000000,    1.000000,         NaN,         NaN
 4179.279785,    0.000000,  314.976990,    0.001442,   12.000000,    0.000000,    1.000000,         NaN,         NaN
 4810.240234,    0.000000,  316.370697,    0.001241,   12.000000,    0.000000,    1.000000,         NaN,         NaN
 5537.399902,    0.000000,  321.893402,    0.000446,   12.000000,    0.000000,    1.000000,         NaN,         NaN
 6375.299805,    0.000000,  325.224304,    0.000214,   12.000000,    0.000000,    1.000000,         NaN,         NaN
 7340.709961,    0.000000,  326.303406,    0.000158,   12.000000,    0.000000,    1.000000,         NaN,         NaN
 8452.940430,    0.000000,  328.581696,    0.000048,   12.000000,    0.000000,    1.000000,         NaN,         NaN
 9734.219727,    0.000000,  330.556091,    0.000030,   12.000000,    0.000000,    1.000000,         NaN,         NaN
11210.190430,    0.000000,  335.614105,    0.000020,   12.000000,    0.000000,    1.000000,         NaN,         NaN
 TIME =,    4.000000    
    HGHT(m) Press(mb) TEMP(TH)  MIXR(kg/kg)   U(m/s)   V(m/s) KM        KH       Turbulent Heating   Radiational Heating
    1.500000,    0.000000,  288.067993,    0.009081,    2.182310,    1.915049,    1.000000,   -0.000776,    0.000227
    3.000000,    0.000000,  288.295074,    0.008872,    2.582430,    2.261783,    0.219034,   -0.000755,    0.000227
    4.500000,    0.000000,  288.444763,    0.008732,    2.850270,    2.488481,    0.326415,   -0.000579,    0.000064
    6.310000,    0.000000,  288.583252,    0.008601,    3.100449,    2.694896,    0.420575,   -0.000528,    0.000027
    8.320000,    0.000000,  288.708954,    0.008480,    3.330641,    2.879351,    0.505974,   -0.000497,    0.000008
   10.340000,    0.000000,  288.821045,    0.008373,    3.534799,    3.038021,    0.571127,   -0.000476,   -0.000003
   12.380000,    0.000000,  288.923431,    0.008274,    3.722800,    3.179682,    0.623689,   -0.000459,   -0.000010
   14.420000,    0.000000,  289.022339,    0.008180,    3.901049,    3.309846,    0.654677,   -0.000446,   -0.000015
   16.480000,    0.000000,  289.115570,    0.008089,    4.071523,    3.430435,    0.687833,   -0.000432,   -0.000019
   18.549999,    0.000000,  289.207428,    0.008000,    4.237955,    3.544408,    0.704192,   -0.000422,   -0.000022
   20.650000,    0.000000,  289.297394,    0.007913,    4.401930,    3.653019,    0.721110,   -0.000412,   -0.000025
   22.760000,    0.000000,  289.385284,    0.007826,    4.563019,    3.756156,    0.733287,   -0.000400,   -0.000027
   24.900000,    0.000000,  289.473419,    0.007739,    4.724303,    3.855865,    0.738586,   -0.000389,   -0.000029
   27.059999,    0.000000,  289.561157,    0.007652,    4.885251,    3.951830,    0.742816,   -0.000380,   -0.000030
   29.250000,    0.000000,  289.648987,    0.007564,    5.046954,    4.044702,    0.745497,   -0.000371,   -0.000032
   31.469999,    0.000000,  289.737457,    0.007474,    5.210060,    4.134831,    0.745092,   -0.000362,   -0.000033
   33.720001,    0.000000,  289.826172,    0.007383,    5.374438,    4.222068,    0.744977,   -0.000352,   -0.000034
   36.000000,    0.000000,  289.915436,    0.007291,    5.540262,    4.306480,    0.728415,   -0.000343,   -0.000035
   38.320000,    0.000000,  290.005096,    0.007197,    5.708136,    4.388284,    0.727026,   -0.000333,   -0.000036
   40.680000,    0.000000,  290.095917,    0.007101,    5.878623,    4.467600,    0.706019,   -0.000324,   -0.000038
   43.080002,    0.000000,  290.188721,    0.007002,    6.052653,    4.544728,    0.696666,   -0.000314,   -0.000039
   45.520000,    0.000000,  290.282043,    0.006901,    6.229049,    4.619040,    0.691244,   -0.000304,   -0.000040
   48.009998,    0.000000,  290.377991,    0.006797,    6.410130,    4.691260,    0.679311,   -0.000294,   -0.000041
   50.540001,    0.000000,  290.472961,    0.006691,    6.592289,    4.759866,    0.676851,   -0.000284,   -0.000042
   53.130001,    0.000000,  290.570160,    0.006581,    6.778984,    4.826051,    0.643954,   -0.000274,   -0.000043
   55.770000,    0.000000,  290.671570,    0.006467,    6.971795,    4.890038,    0.617917,   -0.000264,   -0.000044
   58.459999,    0.000000,  290.774750,    0.006349,    7.168608,    4.950872,    0.603468,   -0.000253,   -0.000045
   61.209999,    0.000000,  290.878754,    0.006228,    7.368773,    5.008188,    0.575508,   -0.000243,   -0.000047
   64.029999,    0.000000,  290.988281,    0.006101,    7.577179,    5.062891,    0.555984,   -0.000232,   -0.000048
   66.910004,    0.000000,  291.099304,    0.005970,    7.789543,    5.113593,    0.523299,   -0.000220,   -0.000049
   69.849998,    0.000000,  291.215942,    0.005832,    8.009789,    5.160805,    0.500955,   -0.000208,   -0.000050
   72.870003,    0.000000,  291.334167,    0.005689,    8.235034,    5.203417,    0.487977,   -0.000197,   -0.000050
   75.949997,    0.000000,  291.453613,    0.005542,    8.463835,    5.240910,    0.450882,   -0.000186,   -0.000050
   79.120003,    0.000000,  291.583466,    0.005384,    8.705915,    5.274122,    0.422566,   -0.000174,   -0.000050
   82.360001,    0.000000,  291.719055,    0.005219,    8.956124,    5.301618,    0.401777,   -0.000162,   -0.000049
   85.690002,    0.000000,  291.856232,    0.005048,    9.211428,    5.322393,    0.388063,   -0.000150,   -0.000049
   89.099998,    0.000000,  292.005005,    0.004864,    9.480194,    5.336432,    0.361261,   -0.000137,   -0.000048
   92.599998,    0.000000,  292.157227,    0.004673,    9.755081,    5.342256,    0.322762,   -0.000124,   -0.000046
   96.190002,    0.000000,  292.313599,    0.004475,   10.036445,    5.338967,    0.282729,   -0.000111,   -0.000045
   99.879997,    0.000000,  292.486206,    0.004260,   10.334707,    5.324766,    0.234151,   -0.000096,   -0.000044
  103.669998,    0.000000,  292.686218,    0.004022,   10.657896,    5.296154,    0.183013,   -0.000079,   -0.000043
  107.559998,    0.000000,  292.883331,    0.003779,   10.980498,    5.252799,    0.147097,   -0.000062,   -0.000041
  111.559998,    0.000000,  293.095490,    0.003520,   11.315955,    5.190192,    0.103766,   -0.000043,   -0.000040
  115.669998,    0.000000,  293.345642,    0.003232,   11.678852,    5.099209,    0.058319,   -0.000021,   -0.000039
  119.900002,    0.000000,  293.600342,    0.002930,   12.034099,    4.960623,    0.018988,    0.000000,   -0.000036
  124.250000,    0.000000,  293.620209,    0.002873,   12.108405,    4.910047,    0.000001,    0.000000,   -0.000035
  128.720001,    0.000000,  293.635834,    0.002845,   12.150418,    4.870790,    0.000001,    0.000000,   -0.000033
  133.320007,    0.000000,  293.649384,    0.002815,   12.190924,    4.826337,    0.000001,    0.000000,   -0.000032
  138.050003,    0.000000,  293.663513,    0.002790,   12.228360,    4.783097,    0.000001,    0.000000,   -0.000031
  142.919998,    0.000000,  293.674805,    0.002761,   12.249448,    4.737560,    0.000001,    0.000000,   -0.000029
  147.940002,    0.000000,  293.682526,    0.002747,   12.274496,    4.704241,    0.000001,    0.000000,   -0.000028
  153.100006,    0.000000,  293.690399,    0.002735,   12.299992,    4.673817,    0.000001,    0.000000,   -0.000028
  158.419998,    0.000000,  293.699554,    0.002725,   12.325394,    4.642279,    0.000001,    0.000000,   -0.000027
  163.889999,    0.000000,  293.710663,    0.002714,   12.348032,    4.609357,    0.000001,    0.000000,   -0.000026
  169.529999,    0.000000,  293.725800,    0.002702,   12.357182,    4.568623,    0.000001,    0.000000,   -0.000025
  175.839996,    0.000000,  293.742004,    0.002689,   12.376810,    4.521216,    0.000001,    0.000000,   -0.000024
  182.860001,    0.000000,  293.755249,    0.002676,   12.417258,    4.474913,    0.000001,    0.000000,   -0.000024
  190.610001,    0.000000,  293.758575,    0.002662,   12.457088,    4.431351,    0.006273,    0.000000,   -0.000023
  199.130005,    0.000000,  293.762177,    0.002649,   12.492701,    4.377560,    0.011737,    0.000000,   -0.000022
  208.440002,    0.000000,  293.766144,    0.002635,   12.503096,    4.307541,    0.009673,    0.000000,   -0.000021
  218.580002,    0.000000,  293.770538,    0.002620,   12.555979,    4.250195,    0.019859,    0.000000,   -0.000020
  229.600006,    0.000000,  293.775879,    0.002605,   12.609700,    4.178311,    0.024956,    0.000000,   -0.000019
  241.529999,    0.000000,  293.782410,    0.002590,   12.627325,    4.076965,    0.012726,    0.000000,   -0.000019
  254.440002,    0.000000,  293.790833,    0.002575,   12.707555,    3.985704,    0.013576,    0.000000,   -0.000018
  268.359985,    0.000000,  293.800446,    0.002568,   12.695599,    3.889009,    0.000001,    0.000000,   -0.000017
  283.350006,    0.000000,  293.812378,    0.002563,   12.730487,    3.833909,    0.000001,    0.000000,   -0.000017
  299.480011,    0.000000,  293.829712,    0.002561,   12.765139,    3.782083,    0.000001,    0.000000,   -0.000016
  316.799988,    0.000000,  293.867371,    0.002558,   12.771898,    3.693107,    0.000001,    0.000000,   -0.000016
  335.390015,    0.000000,  293.868164,    0.002554,   12.766217,    3.647218,    0.083182,    0.000000,   -0.000015
  355.329987,    0.000000,  293.868164,    0.002554,   12.768281,    3.641454,    1.504540,    0.000000,   -0.000014
  376.679993,    0.000000,  293.868164,    0.002553,   12.772159,    3.634267,    1.874170,    0.000000,   -0.000014
  399.540009,    0.000000,  293.868164,    0.002551,   12.777699,    3.625890,    2.152895,    0.000000,   -0.000013
  424.000000,    0.000000,  293.868164,    0.002550,   12.785022,    3.616235,    2.427438,    0.000000,   -0.000012
  450.160004,    0.000000,  293.868164,    0.002548,   12.792988,    3.605048,    2.572438,    0.000000,   -0.000012
  478.109985,    0.000000,  293.868164,    0.002546,   12.798856,    3.592039,    2.501971,    0.000000,   -0.000011
  507.980011,    0.000000,  293.872833,    0.002536,   12.827934,    3.451209,    0.256443,    0.000000,   -0.000010
  548.010010,    0.000000,  293.896851,    0.002516,   12.965376,    3.109334,    0.147358,    0.000000,   -0.000009
  599.000000,    0.000000,  293.932770,    0.002493,   13.087275,    2.616512,    0.140987,    0.000000,   -0.000009
  661.969971,    0.000000,  293.988312,    0.002467,   13.210172,    1.928822,    0.112337,    0.000000,   -0.000008
  738.179993,    0.000000,  294.074921,    0.002445,   13.261085,    0.975218,    0.078486,    0.000000,   -0.000007
  829.150024,    0.000000,  294.208252,    0.002467,   12.864855,   -0.249114,    0.039930,    0.000000,   -0.000006
  936.700012,    0.000000,  294.389709,    0.002523,   12.432645,   -0.457709,    0.000001,    0.000000,   -0.000004
 1062.989990,    0.000000,  294.545105,    0.002584,   12.000000,    0.000000,    0.000001,    0.000000,   -0.000002
 1210.540039,    0.000000,  294.746490,    0.002655,   12.000000,    0.000000,    0.000001,    0.000000,    0.000001
 1382.300049,    0.000000,  295.261414,    0.002818,   12.000000,    0.000000,    0.000001,    0.000000,    0.000000
 1581.699951,    0.000000,  297.185150,    0.003193,   12.000000,    0.000000,    0.000001,    0.000000,   -0.000006
 1812.739990,    0.000000,  299.881958,    0.003638,   12.000000,    0.000000,    0.000001,    0.000000,   -0.000014
 2080.040039,    0.000000,  302.946136,    0.004085,   12.000000,    0.000000,    0.000001,    0.000000,   -0.000021
 2388.929932,    0.000000,  305.663818,    0.003924,   12.000000,    0.000000,    0.000001,    0.000000,   -0.000025
 2745.600098,    0.000000,  307.947418,    0.003493,   12.000000,    0.000000,    0.000001,    0.000000,   -0.000027
 3157.189941,    0.000000,  310.220215,    0.002865,   12.000000,    0.000000,    0.000001,    0.000000,   -0.000027
 3631.919922,    0.000000,  312.371826,    0.002035,   12.000000,    0.000000,    0.000001,    0.000000,   -0.000026
 4179.279785,    0.000000,  314.713318,    0.001442,   12.000000,    0.000000,    0.000001,    0.000000,   -0.000027
 4810.240234,    0.000000,  315.975189,    0.001241,   12.000000,    0.000000,    0.000001,    0.000000,   -0.000033
 5537.399902,    0.000000,  321.629730,    0.000446,   12.000000,    0.000000,    0.000001,    0.000000,   -0.000026
 6375.299805,    0.000000,  324.960632,    0.000214,   12.000000,    0.000000,    0.000001,    0.000000,   -0.000021
 7340.709961,    0.000000,  326.039734,    0.000158,   12.000000,    0.000000,    0.000001,    0.000000,   -0.000021
 8452.940430,    0.000000,  328.318024,    0.000048,   12.000000,    0.000000,    0.000001,    0.000000,   -0.000019
 9734.219727,    0.000000,  329.633240,    0.000030,   12.000000,    0.000000,    0.000001,    0.000000,   -0.000083
11210.190430,    0.000000,  335.614105,    0.000020,   12.000000,    0.000000,    0.000001,    0.000000,    0.000000
 TIME =,    7.000000    
    HGHT(m) Press(mb) TEMP(TH)  MIXR(kg/kg)   U(m/s)   V(m/s) KM        KH       Turbulent Heating   Radiational Heating
    1.500000,    0.000000,  288.194672,    0.009402,    2.643883,    1.773107,    1.000000,   -0.000360,    0.000371
    3.000000,    0.000000,  288.396240,    0.009234,    3.114862,    2.085385,    0.254727,   -0.000362,    0.000371
    4.500000,    0.000000,  288.525818,    0.009125,    3.422214,    2.284916,    0.388967,   -0.000102,    0.000105
    6.310000,    0.000000,  288.643127,    0.009024,    3.702416,    2.462734,    0.512765,   -0.000049,    0.000055
    8.320000,    0.000000,  288.747284,    0.008934,    3.953997,    2.618323,    0.630899,   -0.000032,    0.000032
   10.340000,    0.000000,  288.835541,    0.008856,    4.170210,    2.748475,    0.734308,   -0.000016,    0.000019
   12.380000,    0.000000,  288.914063,    0.008786,    4.364657,    2.862397,    0.819712,   -0.000013,    0.000010
   14.420000,    0.000000,  288.984772,    0.008721,    4.542208,    2.963615,    0.892087,   -0.000006,    0.000004
   16.480000,    0.000000,  289.050812,    0.008660,    4.709298,    3.056266,    0.950891,   -0.000006,   -0.000001
   18.549999,    0.000000,  289.112518,    0.008602,    4.867435,    3.141526,    1.002600,   -0.000005,   -0.000005
   20.650000,    0.000000,  289.172211,    0.008546,    5.020766,    3.221861,    1.041327,   -0.000002,   -0.000008
   22.760000,    0.000000,  289.229279,    0.008491,    5.168622,    3.297097,    1.076494,   -0.000002,   -0.000010
   24.900000,    0.000000,  289.284729,    0.008437,    5.313447,    3.368593,    1.105907,   -0.000005,   -0.000012
   27.059999,    0.000000,  289.338531,    0.008385,    5.455198,    3.436438,    1.131032,   -0.000008,   -0.000014
   29.250000,    0.000000,  289.391266,    0.008332,    5.595190,    3.501323,    1.150990,   -0.000012,   -0.000016
   31.469999,    0.000000,  289.443085,    0.008280,    5.733831,    3.563465,    1.167614,   -0.000015,   -0.000017
   33.720001,    0.000000,  289.493530,    0.008228,    5.870795,    3.622770,    1.186560,   -0.000014,   -0.000018
   36.000000,    0.000000,  289.544098,    0.008176,    6.007921,    3.680056,    1.188880,   -0.000013,   -0.000019
   38.320000,    0.000000,  289.597961,    0.008122,    6.149208,    3.736897,    1.161855,   -0.000015,   -0.000020
   40.680000,    0.000000,  289.654907,    0.008065,    6.294561,    3.793107,    1.136064,   -0.000017,   -0.000020
   43.080002,    0.000000,  289.714294,    0.008008,    6.443385,    3.848314,    1.115597,   -0.000020,   -0.000021
   45.520000,    0.000000,  289.775055,    0.007949,    6.594606,    3.902021,    1.102733,   -0.000023,   -0.000022
   48.009998,    0.000000,  289.836670,    0.007888,    6.748087,    3.954059,    1.095005,   -0.000026,   -0.000022
   50.540001,    0.000000,  289.899170,    0.007827,    6.903574,    4.004255,    1.083745,   -0.000029,   -0.000023
   53.130001,    0.000000,  289.962799,    0.007764,    7.062069,    4.052827,    1.073638,   -0.000032,   -0.000024
   55.770000,    0.000000,  290.027252,    0.007699,    7.222948,    4.099385,    1.062481,   -0.000035,   -0.000024
   58.459999,    0.000000,  290.093964,    0.007632,    7.387854,    4.144283,    1.040437,   -0.000039,   -0.000025
   61.209999,    0.000000,  290.161987,    0.007563,    7.556078,    4.187203,    1.026030,   -0.000042,   -0.000025
   64.029999,    0.000000,  290.231689,    0.007492,    7.728396,    4.228114,    1.010127,   -0.000046,   -0.000025
   66.910004,    0.000000,  290.302399,    0.007419,    7.903714,    4.266621,    0.996036,   -0.000049,   -0.000026
   69.849998,    0.000000,  290.373505,    0.007345,    8.081336,    4.302392,    0.985121,   -0.000054,   -0.000026
   72.870003,    0.000000,  290.446869,    0.007267,    8.264072,    4.335701,    0.965022,   -0.000058,   -0.000026
   75.949997,    0.000000,  290.521759,    0.007188,    8.450417,    4.366055,    0.946420,   -0.000062,   -0.000027
   79.120003,    0.000000,  290.598724,    0.007105,    8.641951,    4.393498,    0.928466,   -0.000067,   -0.000027
   82.360001,    0.000000,  290.677429,    0.007019,    8.837608,    4.417570,    0.908183,   -0.000072,   -0.000027
   85.690002,    0.000000,  290.756531,    0.006931,    9.036405,    4.437925,    0.897180,   -0.000077,   -0.000028
   89.099998,    0.000000,  290.834717,    0.006841,    9.236362,    4.454202,    0.890649,   -0.000083,   -0.000028
   92.599998,    0.000000,  290.916046,    0.006747,    9.442629,    4.466473,    0.862361,   -0.000089,   -0.000028
   96.190002,    0.000000,  290.998108,    0.006650,    9.652106,    4.474227,    0.846377,   -0.000097,   -0.000028
   99.879997,    0.000000,  291.081360,    0.006550,    9.865694,    4.477211,    0.827407,   -0.000103,   -0.000029
  103.669998,    0.000000,  291.169495,    0.006445,   10.087641,    4.474883,    0.791950,   -0.000113,   -0.000029
  107.559998,    0.000000,  291.256348,    0.006337,   10.310363,    4.466929,    0.782453,   -0.000122,   -0.000030
  111.559998,    0.000000,  291.350586,    0.006222,   10.544488,    4.452454,    0.738099,   -0.000132,   -0.000030
  115.669998,    0.000000,  291.444763,    0.006104,   10.780836,    4.431445,    0.722348,   -0.000145,   -0.000032
  119.900002,    0.000000,  291.544342,    0.005978,   11.026010,    4.402730,    0.687284,   -0.000157,   -0.000033
  124.250000,    0.000000,  291.644257,    0.005849,   11.273643,    4.366165,    0.668763,   -0.000149,   -0.000034
  128.720001,    0.000000,  291.750488,    0.005712,   11.530556,    4.320343,    0.632520,   -0.000140,   -0.000035
  133.320007,    0.000000,  291.854858,    0.005572,   11.786946,    4.266037,    0.620632,   -0.000132,   -0.000035
  138.050003,    0.000000,  291.963104,    0.005426,   12.049215,    4.201511,    0.590830,   -0.000121,   -0.000036
  142.919998,    0.000000,  292.085938,    0.005265,   12.329166,    4.122030,    0.537277,   -0.000110,   -0.000037
  147.940002,    0.000000,  292.212677,    0.005097,   12.614262,    4.029927,    0.511393,   -0.000098,   -0.000037
  153.100006,    0.000000,  292.338318,    0.004925,   12.898059,    3.926512,    0.493654,   -0.000087,   -0.000038
  158.419998,    0.000000,  292.454071,    0.004755,   13.170560,    3.815402,    0.493924,   -0.000077,   -0.000037
  163.889999,    0.000000,  292.557892,    0.004589,   13.427669,    3.698166,    0.497360,   -0.000068,   -0.000037
  169.529999,    0.000000,  292.664520,    0.004416,   13.686373,    3.566450,    0.467004,   -0.000060,   -0.000037
  175.839996,    0.000000,  292.807861,    0.004201,   13.994209,    3.390129,    0.396115,   -0.000049,   -0.000036
  182.860001,    0.000000,  292.966187,    0.003959,   14.323375,    3.176147,    0.364610,   -0.000036,   -0.000036
  190.610001,    0.000000,  293.124786,    0.003701,   14.654373,    2.930049,    0.345839,   -0.000024,   -0.000035
  199.130005,    0.000000,  293.303040,    0.003412,   15.002178,    2.632755,    0.305366,   -0.000010,   -0.000034
  208.440002,    0.000000,  293.434052,    0.003150,   15.294217,    2.342774,    0.322302,    0.000000,   -0.000031
  218.580002,    0.000000,  293.477295,    0.002991,   15.457150,    2.153413,    0.484996,    0.000000,   -0.000028
  229.600006,    0.000000,  293.512207,    0.002842,   15.591190,    1.961396,    0.451633,    0.000000,   -0.000025
  241.529999,    0.000000,  293.518738,    0.002774,   15.642801,    1.865013,    0.817064,    0.000000,   -0.000023
  254.440002,    0.000000,  293.527161,    0.002699,   15.683579,    1.744465,    0.556674,    0.000000,   -0.000022
  268.359985,    0.000000,  293.536774,    0.002628,   15.694335,    1.605382,    0.352168,    0.000000,   -0.000020
  283.350006,    0.000000,  293.548706,    0.002575,   15.655524,    1.451243,    0.164292,    0.000000,   -0.000019
  299.480011,    0.000000,  293.573578,    0.002561,   15.612163,    1.356272,    0.000001,    0.000000,   -0.000018
  316.799988,    0.000000,  293.641418,    0.002558,   15.539870,    1.299237,    0.000001,    0.000000,   -0.000018
  335.390015,    0.000000,  293.669189,    0.002554,   15.474963,    1.258971,    0.000001,    0.000000,   -0.000018
  355.329987,    0.000000,  293.736328,    0.002554,   15.464988,    1.234178,    0.000001,    0.000000,   -0.000017
  376.679993,    0.000000,  293.736328,    0.002553,   15.465026,    1.232065,    0.484889,    0.000000,   -0.000016
  399.540009,    0.000000,  293.736328,    0.002551,   15.465349,    1.229259,    0.605479,    0.000000,   -0.000015
  424.000000,    0.000000,  293.736328,    0.002550,   15.465874,    1.225740,    0.712680,    0.000000,   -0.000014
  450.160004,    0.000000,  293.736328,    0.002548,   15.464847,    1.221496,    0.817904,    0.000000,   -0.000013
  478.109985,    0.000000,  293.736328,    0.002546,   15.461916,    1.217061,    0.932063,    0.000000,   -0.000012
  507.980011,    0.000000,  293.740997,    0.002536,   15.364129,    1.118263,    0.032142,    0.000000,   -0.000011
  548.010010,    0.000000,  293.765015,    0.002516,   15.147079,    0.827047,    0.034243,    0.000000,   -0.000010
  599.000000,    0.000000,  293.800934,    0.002493,   14.799728,    0.467157,    0.025936,    0.000000,   -0.000009
  661.969971,    0.000000,  293.856476,    0.002467,   14.283027,    0.008239,    0.028638,    0.000000,   -0.000008
  738.179993,    0.000000,  293.943085,    0.002445,   13.509249,   -0.537514,    0.019547,    0.000000,   -0.000007
  829.150024,    0.000000,  294.076416,    0.002467,   12.260630,   -0.843204,    0.031639,    0.000000,   -0.000006
  936.700012,    0.000000,  294.389709,    0.002523,   11.840124,   -0.607105,    0.000001,    0.000000,   -0.000005
 1062.989990,    0.000000,  294.545105,    0.002584,   12.000000,    0.000000,    0.000001,    0.000000,   -0.000003
 1210.540039,    0.000000,  294.746490,    0.002655,   12.000000,    0.000000,    0.000001,    0.000000,    0.000000
 1382.300049,    0.000000,  295.261414,    0.002818,   12.000000,    0.000000,    0.000001,    0.000000,   -0.000001
 1581.699951,    0.000000,  297.053314,    0.003193,   12.000000,    0.000000,    0.000001,    0.000000,   -0.000007
 1812.739990,    0.000000,  299.750122,    0.003638,   12.000000,    0.000000,    0.000001,    0.000000,   -0.000014
 2080.040039,    0.000000,  302.682465,    0.004085,   12.000000,    0.000000,    0.000001,    0.000000,   -0.000021
 2388.929932,    0.000000,  305.400146,    0.003924,   12.000000,    0.000000,    0.000001,    0.000000,   -0.000025
 2745.600098,    0.000000,  307.683746,    0.003493,   12.000000,    0.000000,    0.000001,    0.000000,   -0.000027
 3157.189941,    0.000000,  309.956543,    0.002865,   12.000000,    0.000000,    0.000001,    0.000000,   -0.000027
 3631.919922,    0.000000,  312.108154,    0.002035,   12.000000,    0.000000,    0.000001,    0.000000,   -0.000026
 4179.279785,    0.000000,  314.449646,    0.001442,   12.000000,    0.000000,    0.000001,    0.000000,   -0.000027
 4810.240234,    0.000000,  315.579681,    0.001241,   12.000000,    0.000000,    0.000001,    0.000000,   -0.000032
 5537.399902,    0.000000,  321.366058,    0.000446,   12.000000,    0.000000,    0.000001,    0.000000,   -0.000026
 6375.299805,    0.000000,  324.696960,    0.000214,   12.000000,    0.000000,    0.000001,    0.000000,   -0.000021
 7340.709961,    0.000000,  325.776062,    0.000158,   12.000000,    0.000000,    0.000001,    0.000000,   -0.000021
 8452.940430,    0.000000,  328.168427,    0.000048,   12.000000,    0.000000,    0.000001,    0.000000,   -0.000018
 9734.219727,    0.000000,  328.710388,    0.000030,   12.000000,    0.000000,    0.000001,    0.000000,   -0.000082
11210.190430,    0.000000,  335.614105,    0.000020,   12.000000,    0.000000,    0.000001,    0.000000,    0.000000
 TIME =,    10.00000    
    HGHT(m) Press(mb) TEMP(TH)  MIXR(kg/kg)   U(m/s)   V(m/s) KM        KH       Turbulent Heating   Radiational Heating
    1.500000,    0.000000,  287.840729,    0.009436,    2.536078,    1.561178,    1.000000,   -0.000411,    0.000380
    3.000000,    0.000000,  288.047089,    0.009320,    2.993966,    1.839128,    0.231495,   -0.000411,    0.000380
    4.500000,    0.000000,  288.181274,    0.009243,    3.296124,    2.017839,    0.349197,   -0.000142,    0.000106
    6.310000,    0.000000,  288.304047,    0.009171,    3.574479,    2.177916,    0.455040,   -0.000086,    0.000055
    8.320000,    0.000000,  288.414032,    0.009106,    3.826942,    2.318496,    0.553910,   -0.000066,    0.000031
   10.340000,    0.000000,  288.508179,    0.009050,    4.045901,    2.436354,    0.637392,   -0.000043,    0.000017
   12.380000,    0.000000,  288.592621,    0.008998,    4.244382,    2.539585,    0.704873,   -0.000042,    0.000008
   14.420000,    0.000000,  288.669189,    0.008950,    4.426842,    2.631236,    0.760831,   -0.000029,    0.000001
   16.480000,    0.000000,  288.740997,    0.008904,    4.599475,    2.714911,    0.805406,   -0.000029,   -0.000004
   18.549999,    0.000000,  288.808502,    0.008861,    4.763746,    2.791689,    0.843245,   -0.000016,   -0.000008
   20.650000,    0.000000,  288.873901,    0.008818,    4.923611,    2.863638,    0.871370,   -0.000015,   -0.000011
   22.760000,    0.000000,  288.936462,    0.008776,    5.078201,    2.930548,    0.897107,   -0.000015,   -0.000014
   24.900000,    0.000000,  288.997223,    0.008734,    5.229917,    2.993613,    0.918182,   -0.000014,   -0.000016
   27.059999,    0.000000,  289.055725,    0.008694,    5.378264,    3.052725,    0.938485,   -0.000013,   -0.000017
   29.250000,    0.000000,  289.113708,    0.008653,    5.525640,    3.108920,    0.947848,   -0.000007,   -0.000018
   31.469999,    0.000000,  289.170959,    0.008612,    5.672075,    3.162238,    0.956247,   -0.000004,   -0.000019
   33.720001,    0.000000,  289.226868,    0.008571,    5.817084,    3.212528,    0.967719,   -0.000001,   -0.000020
   36.000000,    0.000000,  289.282227,    0.008529,    5.961654,    3.260139,    0.971948,    0.000000,   -0.000020
   38.320000,    0.000000,  289.337250,    0.008488,    6.106490,    3.305281,    0.975206,    0.000000,   -0.000021
   40.680000,    0.000000,  289.392303,    0.008445,    6.252089,    3.348059,    0.974436,    0.000000,   -0.000022
   43.080002,    0.000000,  289.450623,    0.008401,    6.402220,    3.389467,    0.948290,    0.000000,   -0.000023
   45.520000,    0.000000,  289.508514,    0.008356,    6.552756,    3.428235,    0.948353,    0.000000,   -0.000024
   48.009998,    0.000000,  289.568237,    0.008310,    6.706673,    3.465036,    0.932796,    0.000000,   -0.000025
   50.540001,    0.000000,  289.628448,    0.008263,    6.862128,    3.499294,    0.924547,   -0.000001,   -0.000026
   53.130001,    0.000000,  289.689880,    0.008214,    7.020675,    3.531206,    0.913857,   -0.000001,   -0.000027
   55.770000,    0.000000,  289.750793,    0.008165,    7.179945,    3.560157,    0.912197,   -0.000001,   -0.000027
   58.459999,    0.000000,  289.811768,    0.008114,    7.340605,    3.586166,    0.905991,   -0.000002,   -0.000028
   61.209999,    0.000000,  289.873260,    0.008062,    7.503510,    3.609238,    0.897279,   -0.000002,   -0.000029
   64.029999,    0.000000,  289.934753,    0.008009,    7.668309,    3.629190,    0.892714,   -0.000003,   -0.000029
   66.910004,    0.000000,  289.995789,    0.007955,    7.834098,    3.645749,    0.888169,   -0.000003,   -0.000030
   69.849998,    0.000000,  290.057953,    0.007898,    8.002735,    3.658929,    0.872869,   -0.000004,   -0.000030
   72.870003,    0.000000,  290.120331,    0.007840,    8.173661,    3.668458,    0.865145,   -0.000003,   -0.000030
   75.949997,    0.000000,  290.185303,    0.007780,    8.349223,    3.674200,    0.839478,   -0.000003,   -0.000030
   79.120003,    0.000000,  290.250427,    0.007717,    8.527111,    3.675782,    0.832034,   -0.000002,   -0.000030
   82.360001,    0.000000,  290.318573,    0.007652,    8.710392,    3.672904,    0.804505,   -0.000004,   -0.000030
   85.690002,    0.000000,  290.387878,    0.007584,    8.897064,    3.665191,    0.790293,   -0.000001,   -0.000031
   89.099998,    0.000000,  290.459167,    0.007513,    9.087739,    3.652280,    0.769806,   -0.000002,   -0.000030
   92.599998,    0.000000,  290.532257,    0.007439,    9.282431,    3.633760,    0.750843,   -0.000001,   -0.000031
   96.190002,    0.000000,  290.611328,    0.007360,    9.486041,    3.608625,    0.713039,   -0.000002,   -0.000031
   99.879997,    0.000000,  290.688599,    0.007279,    9.688997,    3.577538,    0.710767,    0.000000,   -0.000031
  103.669998,    0.000000,  290.774506,    0.007192,    9.903884,    3.537973,    0.664860,    0.000000,   -0.000031
  107.559998,    0.000000,  290.860870,    0.007101,   10.120416,    3.491119,    0.652831,    0.000000,   -0.000031
  111.559998,    0.000000,  290.955078,    0.007004,   10.347272,    3.434294,    0.616142,    0.000000,   -0.000032
  115.669998,    0.000000,  291.049255,    0.006903,   10.574800,    3.369224,    0.605236,    0.000000,   -0.000032
  119.900002,    0.000000,  291.148834,    0.006797,   10.809051,    3.293256,    0.577105,    0.000000,   -0.000032
  124.250000,    0.000000,  291.248749,    0.006686,   11.043751,    3.207799,    0.564455,    0.000000,   -0.000033
  128.720001,    0.000000,  291.354980,    0.006568,   11.284989,    3.109585,    0.535756,    0.000000,   -0.000033
  133.320007,    0.000000,  291.459351,    0.006448,   11.523418,    3.001893,    0.528629,    0.000000,   -0.000033
  138.050003,    0.000000,  291.567596,    0.006321,   11.764689,    2.881408,    0.506782,    0.000000,   -0.000033
  142.919998,    0.000000,  291.690430,    0.006182,   12.019347,    2.741254,    0.465489,    0.000000,   -0.000035
  147.940002,    0.000000,  291.817230,    0.006036,   12.275682,    2.586554,    0.448039,    0.000000,   -0.000037
  153.100006,    0.000000,  291.942841,    0.005887,   12.527405,    2.420061,    0.438059,    0.000000,   -0.000038
  158.419998,    0.000000,  292.058563,    0.005738,   12.765500,    2.247467,    0.443005,    0.000000,   -0.000037
  163.889999,    0.000000,  292.162384,    0.005592,   12.986957,    2.072140,    0.452830,    0.000000,   -0.000035
  169.529999,    0.000000,  292.269012,    0.005440,   13.206673,    1.882458,    0.433973,    0.000000,   -0.000035
  175.839996,    0.000000,  292.412354,    0.005252,   13.464997,    1.639187,    0.378131,    0.000000,   -0.000037
  182.860001,    0.000000,  292.570679,    0.005040,   13.737381,    1.356161,    0.358025,    0.000000,   -0.000039
  190.610001,    0.000000,  292.729279,    0.004813,   14.007787,    1.044261,    0.351804,    0.000000,   -0.000040
  199.130005,    0.000000,  292.846436,    0.004605,   14.236921,    0.750332,    0.397174,   -0.000006,   -0.000041
  208.440002,    0.000000,  293.000427,    0.004351,   14.491464,    0.383729,    0.331619,   -0.000004,   -0.000039
  218.580002,    0.000000,  293.081787,    0.004155,   14.670938,    0.094079,    0.426997,    0.000000,   -0.000035
  229.600006,    0.000000,  293.139618,    0.003979,   14.815223,   -0.169740,    0.468105,    0.000000,   -0.000032
  241.529999,    0.000000,  293.209747,    0.003775,   14.961871,   -0.480122,    0.383760,    0.000000,   -0.000029
  254.440002,    0.000000,  293.263489,    0.003585,   15.077157,   -0.771337,    0.382645,    0.000000,   -0.000026
  268.359985,    0.000000,  293.273102,    0.003497,   15.122149,   -0.906491,    0.762814,    0.000000,   -0.000023
  283.350006,    0.000000,  293.285034,    0.003395,   15.160954,   -1.064804,    0.577418,    0.000000,   -0.000020
  299.480011,    0.000000,  293.309937,    0.003239,   15.188427,   -1.302678,    0.315247,    0.000000,   -0.000019
  316.799988,    0.000000,  293.390289,    0.002947,   15.151434,   -1.739180,    0.121984,    0.000000,   -0.000019
  335.390015,    0.000000,  293.464417,    0.002657,   14.993561,   -2.143706,    0.064903,    0.000000,   -0.000018
  355.329987,    0.000000,  293.507813,    0.002554,   14.880281,   -2.286926,    0.000001,    0.000000,   -0.000018
  376.679993,    0.000000,  293.604492,    0.002553,   14.875588,   -2.291873,    0.000001,    0.000000,   -0.000017
  399.540009,    0.000000,  293.604492,    0.002551,   14.874482,   -2.292511,    0.273785,    0.000000,   -0.000015
  424.000000,    0.000000,  293.604492,    0.002550,   14.872904,   -2.293584,    0.382343,    0.000000,   -0.000014
  450.160004,    0.000000,  293.604492,    0.002548,   14.869717,   -2.293924,    0.600369,    0.000000,   -0.000013
  478.109985,    0.000000,  293.604492,    0.002546,   14.864851,   -2.293221,    0.861854,    0.000000,   -0.000012
  507.980011,    0.000000,  293.609161,    0.002536,   14.728452,   -2.261383,    0.062896,    0.000000,   -0.000011
  548.010010,    0.000000,  293.633179,    0.002516,   14.367963,   -2.231481,    0.015864,    0.000000,   -0.000010
  599.000000,    0.000000,  293.669098,    0.002493,   13.881255,   -2.126310,    0.008787,    0.000000,   -0.000009
  661.969971,    0.000000,  293.724640,    0.002467,   13.220748,   -1.931122,    0.013133,    0.000000,   -0.000008
  738.179993,    0.000000,  293.811249,    0.002445,   12.345977,   -1.562442,    0.031414,    0.000000,   -0.000006
  829.150024,    0.000000,  293.944580,    0.002467,   11.445064,   -0.689708,    0.000001,    0.000000,   -0.000006
  936.700012,    0.000000,  294.339111,    0.002523,   11.398119,   -0.179975,    0.000001,    0.000000,   -0.000006
 1062.989990,    0.000000,  294.545105,    0.002584,   12.000000,   -0.000001,    0.000001,    0.000000,   -0.000003
 1210.540039,    0.000000,  294.746490,    0.002655,   12.000000,    0.000000,    0.000001,    0.000000,    0.000000
 1382.300049,    0.000000,  295.261414,    0.002818,   12.000000,    0.000000,    0.000001,    0.000000,   -0.000001
 1581.699951,    0.000000,  296.921478,    0.003193,   12.000000,    0.000000,    0.000001,    0.000000,   -0.000007
 1812.739990,    0.000000,  299.618286,    0.003638,   12.000000,    0.000000,    0.000001,    0.000000,   -0.000014
 2080.040039,    0.000000,  302.418793,    0.004085,   12.000000,    0.000000,    0.000001,    0.000000,   -0.000021
 2388.929932,    0.000000,  305.136475,    0.003924,   12.000000,    0.000000,    0.000001,    0.000000,   -0.000025
 2745.600098,    0.000000,  307.420074,    0.003493,   12.000000,    0.000000,    0.000001,    0.000000,   -0.000027
 3157.189941,    0.000000,  309.692871,    0.002865,   12.000000,    0.000000,    0.000001,    0.000000,   -0.000027
 3631.919922,    0.000000,  311.844482,    0.002035,   12.000000,    0.000000,    0.000001,    0.000000,   -0.000026
 4179.279785,    0.000000,  314.185974,    0.001442,   12.000000,    0.000000,    0.000001,    0.000000,   -0.000026
 4810.240234,    0.000000,  315.184174,    0.001241,   12.000000,    0.000000,    0.000001,    0.000000,   -0.000032
 5537.399902,    0.000000,  321.102386,    0.000446,   12.000000,    0.000000,    0.000001,    0.000000,   -0.000026
 6375.299805,    0.000000,  324.433289,    0.000214,   12.000000,    0.000000,    0.000001,    0.000000,   -0.000021
 7340.709961,    0.000000,  325.512390,    0.000158,   12.000000,    0.000000,    0.000001,    0.000000,   -0.000021
 8452.940430,    0.000000,  328.036591,    0.000048,   12.000000,    0.000000,    0.000001,    0.000000,   -0.000018
 9734.219727,    0.000000,  327.787537,    0.000030,   12.000000,    0.000000,    0.000001,    0.000000,   -0.000082
11210.190430,    0.000000,  335.614105,    0.000020,   12.000000,    0.000000,    0.000001,    0.000000,    0.000000
 TIME =,    13.00000    
    HGHT(m) Press(mb) TEMP(TH)  MIXR(kg/kg)   U(m/s)   V(m/s) KM        KH       Turbulent Heating   Radiational Heating
    1.500000,    0.000000,  287.327606,    0.009319,    2.306260,    1.589652,    1.000000,   -0.000426,    0.000378
    3.000000,    0.000000,  287.535004,    0.009244,    2.727986,    1.876069,    0.211931,   -0.000426,    0.000378
    4.500000,    0.000000,  287.671265,    0.009193,    3.009341,    2.061989,    0.315990,   -0.000157,    0.000108
    6.310000,    0.000000,  287.797028,    0.009146,    3.271206,    2.229982,    0.407445,   -0.000108,    0.000057
    8.320000,    0.000000,  287.910431,    0.009102,    3.510866,    2.378607,    0.490230,   -0.000083,    0.000033
   10.340000,    0.000000,  288.009186,    0.009063,    3.720814,    2.504255,    0.552916,   -0.000065,    0.000018
   12.380000,    0.000000,  288.098572,    0.009028,    3.912928,    2.615137,    0.605072,   -0.000058,    0.000009
   14.420000,    0.000000,  288.180481,    0.008994,    4.091101,    2.714250,    0.646347,   -0.000045,    0.000002
   16.480000,    0.000000,  288.257721,    0.008962,    4.260822,    2.805207,    0.678777,   -0.000045,   -0.000004
   18.549999,    0.000000,  288.330933,    0.008931,    4.423518,    2.889114,    0.704763,   -0.000032,   -0.000008
   20.650000,    0.000000,  288.401489,    0.008900,    4.582172,    2.967738,    0.726262,   -0.000032,   -0.000011
   22.760000,    0.000000,  288.470062,    0.008870,    4.737110,    3.041415,    0.739736,   -0.000031,   -0.000014
   24.900000,    0.000000,  288.536987,    0.008839,    4.889976,    3.111059,    0.752396,   -0.000030,   -0.000017
   27.059999,    0.000000,  288.602631,    0.008809,    5.041008,    3.176861,    0.759870,   -0.000021,   -0.000019
   29.250000,    0.000000,  288.667053,    0.008779,    5.190955,    3.239189,    0.766826,   -0.000017,   -0.000021
   31.469999,    0.000000,  288.730835,    0.008748,    5.340502,    3.298346,    0.769518,   -0.000016,   -0.000022
   33.720001,    0.000000,  288.793488,    0.008717,    5.489331,    3.354202,    0.773310,   -0.000016,   -0.000023
   36.000000,    0.000000,  288.856232,    0.008686,    5.638801,    3.407254,    0.769210,   -0.000015,   -0.000025
   38.320000,    0.000000,  288.918884,    0.008654,    5.789188,    3.457532,    0.766348,   -0.000014,   -0.000026
   40.680000,    0.000000,  288.981781,    0.008621,    5.940917,    3.505095,    0.760407,   -0.000014,   -0.000026
   43.080002,    0.000000,  289.044678,    0.008588,    6.093782,    3.549780,    0.755017,   -0.000013,   -0.000027
   45.520000,    0.000000,  289.106995,    0.008553,    6.247171,    3.591350,    0.751540,   -0.000013,   -0.000028
   48.009998,    0.000000,  289.169189,    0.008518,    6.401946,    3.629928,    0.746185,   -0.000013,   -0.000029
   50.540001,    0.000000,  289.231903,    0.008482,    6.558494,    3.665484,    0.735020,   -0.000012,   -0.000029
   53.130001,    0.000000,  289.294281,    0.008445,    6.716506,    3.697801,    0.730201,   -0.000012,   -0.000030
   55.770000,    0.000000,  289.356110,    0.008407,    6.875399,    3.726619,    0.724288,   -0.000008,   -0.000030
   58.459999,    0.000000,  289.419891,    0.008368,    7.038017,    3.752270,    0.704660,   -0.000006,   -0.000031
   61.209999,    0.000000,  289.484924,    0.008326,    7.203877,    3.774401,    0.689388,   -0.000004,   -0.000031
   64.029999,    0.000000,  289.549011,    0.008284,    7.370615,    3.792519,    0.685548,   -0.000003,   -0.000031
   66.910004,    0.000000,  289.613312,    0.008240,    7.539222,    3.806510,    0.674012,   -0.000001,   -0.000031
   69.849998,    0.000000,  289.677429,    0.008195,    7.709119,    3.816085,    0.663971,   -0.000001,   -0.000032
   72.870003,    0.000000,  289.740448,    0.008149,    7.879629,    3.821051,    0.659218,    0.000000,   -0.000031
   75.949997,    0.000000,  289.803070,    0.008102,    8.050879,    3.821188,    0.648369,   -0.000001,   -0.000031
   79.120003,    0.000000,  289.866852,    0.008052,    8.225603,    3.816152,    0.631964,    0.000000,   -0.000031
   82.360001,    0.000000,  289.933167,    0.007999,    8.404819,    3.805468,    0.607161,   -0.000001,   -0.000031
   85.690002,    0.000000,  289.999664,    0.007945,    8.585876,    3.788778,    0.594209,    0.000000,   -0.000031
   89.099998,    0.000000,  290.070892,    0.007887,    8.774066,    3.765019,    0.561791,   -0.000002,   -0.000031
   92.599998,    0.000000,  290.141449,    0.007826,    8.962518,    3.734522,    0.551927,    0.000000,   -0.000031
   96.190002,    0.000000,  290.218628,    0.007761,    9.160054,    3.695079,    0.516564,    0.000000,   -0.000031
   99.879997,    0.000000,  290.294922,    0.007693,    9.357176,    3.647775,    0.506901,    0.000000,   -0.000031
  103.669998,    0.000000,  290.378998,    0.007619,    9.563959,    3.589258,    0.470947,    0.000000,   -0.000031
  107.559998,    0.000000,  290.465363,    0.007541,    9.773104,    3.520398,    0.451546,    0.000000,   -0.000032
  111.559998,    0.000000,  290.559570,    0.007456,    9.990582,    3.438133,    0.420960,    0.000000,   -0.000033
  115.669998,    0.000000,  290.653748,    0.007368,   10.206644,    3.344940,    0.408371,    0.000000,   -0.000033
  119.900002,    0.000000,  290.753326,    0.007273,   10.426759,    3.237512,    0.385848,    0.000000,   -0.000034
  124.250000,    0.000000,  290.853241,    0.007174,   10.644351,    3.117593,    0.372877,    0.000000,   -0.000034
  128.720001,    0.000000,  290.959473,    0.007068,   10.864659,    2.981107,    0.350330,    0.000000,   -0.000035
  133.320007,    0.000000,  291.063843,    0.006958,   11.078293,    2.832363,    0.341266,    0.000000,   -0.000034
  138.050003,    0.000000,  291.172089,    0.006842,   11.289800,    2.667136,    0.323587,    0.000000,   -0.000035
  142.919998,    0.000000,  291.294922,    0.006714,   11.507607,    2.476559,    0.293833,    0.000000,   -0.000037
  147.940002,    0.000000,  291.421722,    0.006579,   11.720572,    2.267905,    0.279719,    0.000000,   -0.000039
  153.100006,    0.000000,  291.547333,    0.006439,   11.923015,    2.045741,    0.270868,    0.000000,   -0.000040
  158.419998,    0.000000,  291.663055,    0.006300,   12.106886,    1.817816,    0.271442,    0.000000,   -0.000039
  163.889999,    0.000000,  291.766876,    0.006163,   12.269972,    1.588688,    0.274959,    0.000000,   -0.000038
  169.529999,    0.000000,  291.873505,    0.006019,   12.423164,    1.343548,    0.260862,    0.000000,   -0.000038
  175.839996,    0.000000,  292.016846,    0.005839,   12.589107,    1.031324,    0.224006,    0.000000,   -0.000040
  182.860001,    0.000000,  292.166779,    0.005641,   12.745012,    0.683549,    0.216584,    0.000000,   -0.000042
  190.610001,    0.000000,  292.333771,    0.005418,   12.890041,    0.287191,    0.200643,    0.000000,   -0.000042
  199.130005,    0.000000,  292.450928,    0.005218,   12.993854,   -0.069276,    0.231530,    0.000000,   -0.000042
  208.440002,    0.000000,  292.604889,    0.004974,   13.085042,   -0.504438,    0.192556,    0.000000,   -0.000041
  218.580002,    0.000000,  292.686279,    0.004784,   13.128126,   -0.840688,    0.247479,    0.000000,   -0.000037
  229.600006,    0.000000,  292.744110,    0.004613,   13.142226,   -1.139135,    0.269894,    0.000000,   -0.000034
  241.529999,    0.000000,  292.814240,    0.004414,   13.131888,   -1.480372,    0.221585,    0.000000,   -0.000032
  254.440002,    0.000000,  292.905792,    0.004173,   13.081768,   -1.881678,    0.170064,    0.000000,   -0.000031
  268.359985,    0.000000,  293.009430,    0.003902,   12.978309,   -2.315298,    0.134822,    0.000000,   -0.000027
  283.350006,    0.000000,  293.021362,    0.003801,   12.927248,   -2.467990,    0.333844,    0.000000,   -0.000024
  299.480011,    0.000000,  293.046265,    0.003647,   12.822212,   -2.681473,    0.197276,    0.000000,   -0.000022
  316.799988,    0.000000,  293.126617,    0.003355,   12.572658,   -3.040423,    0.085569,    0.000000,   -0.000021
  335.390015,    0.000000,  293.200897,    0.003054,   12.261705,   -3.344364,    0.063466,    0.000000,   -0.000019
  355.329987,    0.000000,  293.300293,    0.002713,   11.797946,   -3.577931,    0.037737,    0.000000,   -0.000018
  376.679993,    0.000000,  293.350525,    0.002553,   11.578156,   -3.652473,    0.000001,    0.000000,   -0.000018
  399.540009,    0.000000,  293.466949,    0.002551,   11.576911,   -3.649534,    0.000001,    0.000000,   -0.000017
  424.000000,    0.000000,  293.472656,    0.002550,   11.575502,   -3.644295,    0.000001,    0.000000,   -0.000015
  450.160004,    0.000000,  293.472656,    0.002548,   11.573683,   -3.640967,    0.710391,    0.000000,   -0.000014
  478.109985,    0.000000,  293.472656,    0.002546,   11.571453,   -3.636242,    0.916025,    0.000000,   -0.000013
  507.980011,    0.000000,  293.477325,    0.002536,   11.546021,   -3.498915,    0.048680,    0.000000,   -0.000012
  548.010010,    0.000000,  293.501343,    0.002516,   11.355804,   -3.188875,    0.039659,    0.000000,   -0.000010
  599.000000,    0.000000,  293.537262,    0.002493,   11.181590,   -2.720362,    0.021186,    0.000000,   -0.000009
  661.969971,    0.000000,  293.592804,    0.002467,   11.016431,   -2.051996,    0.011054,    0.000000,   -0.000008
  738.179993,    0.000000,  293.679413,    0.002445,   10.830573,   -1.127374,    0.004640,    0.000000,   -0.000006
  829.150024,    0.000000,  293.814972,    0.002467,   11.118577,    0.102874,    0.000001,    0.000000,   -0.000006
  936.700012,    0.000000,  294.207275,    0.002523,   11.530735,    0.417129,    0.000001,    0.000000,   -0.000006
 1062.989990,    0.000000,  294.545105,    0.002584,   12.000000,   -0.000001,    0.000001,    0.000000,   -0.000004
 1210.540039,    0.000000,  294.746490,    0.002655,   12.000000,    0.000000,    0.000001,    0.000000,   -0.000001
 1382.300049,    0.000000,  295.261414,    0.002818,   12.000000,    0.000000,    0.000001,    0.000000,   -0.000001
 1581.699951,    0.000000,  296.789642,    0.003193,   12.000000,    0.000000,    0.000001,    0.000000,   -0.000007
 1812.739990,    0.000000,  299.486450,    0.003638,   12.000000,    0.000000,    0.000001,    0.000000,   -0.000014
 2080.040039,    0.000000,  302.155121,    0.004085,   12.000000,    0.000000,    0.000001,    0.000000,   -0.000021
 2388.929932,    0.000000,  304.872803,    0.003924,   12.000000,    0.000000,    0.000001,    0.000000,   -0.000025
 2745.600098,    0.000000,  307.156403,    0.003493,   12.000000,    0.000000,    0.000001,    0.000000,   -0.000027
 3157.189941,    0.000000,  309.429199,    0.002865,   12.000000,    0.000000,    0.000001,    0.000000,   -0.000027
 3631.919922,    0.000000,  311.580811,    0.002035,   12.000000,    0.000000,    0.000001,    0.000000,   -0.000026
 4179.279785,    0.000000,  313.922302,    0.001442,   12.000000,    0.000000,    0.000001,    0.000000,   -0.000026
 4810.240234,    0.000000,  314.788666,    0.001241,   12.000000,    0.000000,    0.000001,    0.000000,   -0.000032
 5537.399902,    0.000000,  320.838715,    0.000446,   12.000000,    0.000000,    0.000001,    0.000000,   -0.000026
 6375.299805,    0.000000,  324.169617,    0.000214,   12.000000,    0.000000,    0.000001,    0.000000,   -0.000021
 7340.709961,    0.000000,  325.248718,    0.000158,   12.000000,    0.000000,    0.000001,    0.000000,   -0.000021
 8452.940430,    0.000000,  327.904755,    0.000048,   12.000000,    0.000000,    0.000001,    0.000000,   -0.000018
 9734.219727,    0.000000,  326.864685,    0.000030,   12.000000,    0.000000,    0.000001,    0.000000,   -0.000082
11210.190430,    0.000000,  335.614105,    0.000020,   12.000000,    0.000000,    0.000001,    0.000000,    0.000000
