   3600.0500    292.0000    284.5435    289.2717    294.0000      0.0000 100000.0000      0.0000      0.0000
   3660.0500    291.9633    284.5010    289.2226    293.9443      0.0000 100000.0000      0.0000      0.0000
   3720.0500    291.9267    284.4647    289.1941    293.9235      0.0000 100000.0000      0.0000      0.0000
   3780.0500    291.8901    288.7000    289.5154    293.2216    -39.2378   1307.8099      0.1291      0.2751
   3840.0500    291.8535    289.7755    290.5853    292.7369    -47.2563   3065.4070      0.1824      0.2346
   3900.0500    291.8169    290.1139    290.8943    292.5869    -49.4710   4577.9321      0.2116      0.2117
   3960.0500    291.7802    290.2457    291.0019    292.4789    -50.1512   5766.8750      0.2296      0.1978
   4020.0500    291.7639    290.3028    291.0412    292.3956    -50.3570   6682.3950      0.2415      0.1888
   4080.0500    291.7639    290.3351    291.0553    292.3212    -50.0621   7448.3555      0.2499      0.1814
   4140.0498    291.7639    290.3330    291.0402    292.2496    -49.7446   8001.7168      0.2554      0.1763
   4200.0498    291.7639    290.3309    291.0276    292.1948    -49.4511   8457.4648      0.2597      0.1724
   4260.0498    291.7639    290.3163    291.0038    292.1392    -49.1025   8809.4932      0.2627      0.1693
   4320.0498    291.7639    290.2944    290.9722    292.0806    -48.5943   9090.7266      0.2645      0.1663
   4380.0498    291.7552    290.2560    290.9273    292.0198    -48.2216   9249.5254      0.2654      0.1645
   4440.0498    291.7357    290.2115    290.8768    291.9568    -47.7998   9350.7373      0.2656      0.1629
   4500.0498    291.7122    290.1628    290.8228    291.8942    -47.3799   9395.2783      0.2653      0.1617
   4560.0498    291.6865    290.1130    290.7676    291.8319    -46.9154   9406.1787      0.2646      0.1606
   4620.0498    291.6602    290.0569    290.7085    291.7697    -46.6295   9391.9424      0.2639      0.1600
   4680.0498    291.6337    290.0057    290.6528    291.7092    -46.2200   9378.2744      0.2631      0.1591
   4740.0498    291.6063    289.9476    290.5918    291.6482    -45.8807   9303.1328      0.2618      0.1587
   4800.0498    291.5802    289.9030    290.5432    291.5963    -45.4808   9266.8311      0.2607      0.1580
   4860.0498    291.5612    289.8735    290.5115    291.5627    -45.2798   9252.8799      0.2602      0.1576
   4920.0498    291.5443    289.8379    290.4733    291.5223    -45.0241   9230.9834      0.2595      0.1571
   4980.0498    291.5290    289.8075    290.4407    291.4878    -44.8227   9217.3057      0.2590      0.1567
   5040.0498    291.5135    289.7769    290.4079    291.4529    -44.6061   9201.2939      0.2585      0.1563
   5100.0498    291.4919    289.7222    290.3512    291.3976    -44.3320   9116.5068      0.2572      0.1561
   5160.0498    291.4670    289.6737    290.3000    291.3471    -44.0070   9033.0449      0.2558      0.1558
   5220.0498    291.4404    289.6204    290.2458    291.2984    -43.7758   8899.2217      0.2541      0.1560
   5280.0498    291.4206    289.5903    290.2130    291.2638    -43.5137   8869.2871      0.2533      0.1555
   5340.0498    291.4019    289.5463    290.1682    291.2218    -43.3547   8791.2305      0.2523      0.1556
   5400.0498    291.3821    289.5069    290.1262    291.1786    -43.0803   8748.3350      0.2514      0.1552
   5460.0498    291.3562    289.4520    290.0708    291.1295    -42.8919   8614.4170      0.2498      0.1555
   5520.0498    291.3340    289.4095    290.0265    291.0864    -42.6521   8544.7549      0.2486      0.1553
   5580.0498    291.3120    289.3608    289.9762    291.0388    -42.4125   8455.0146      0.2473      0.1553
   5640.0498    291.2819    289.2996    289.9121    290.9782    -42.0193   8324.0605      0.2453      0.1551
   5700.0498    291.2566    289.2603    289.8710    290.9392    -41.7799   8244.5215      0.2441      0.1550
   5760.0498    291.2373    289.2178    289.8275    290.8974    -41.6180   8185.0674      0.2432      0.1549
   5820.0498    291.2150    289.1722    289.7796    290.8502    -41.3467   8118.6055      0.2420      0.1547
   5880.0498    291.1908    289.1266    289.7329    290.8075    -41.1498   8025.4502      0.2408      0.1548
   5940.0498    291.1653    289.0685    289.6745    290.7554    -40.9682   7903.7056      0.2392      0.1551
   6000.0498    291.1393    289.0199    289.6227    290.7033    -40.6331   7838.2051      0.2379      0.1546
   6060.0498    291.1115    288.9587    289.5617    290.6509    -40.4765   7697.4824      0.2362      0.1552
   6120.0498    291.0852    288.9100    289.5118    290.6057    -40.2556   7595.5791      0.2348      0.1553
   6180.0498    291.0652    288.8738    289.4733    290.5662    -40.0239   7560.5850      0.2340      0.1549
   6240.0498    291.0450    288.8313    289.4293    290.5232    -39.8314   7508.3862      0.2331      0.1547
   6300.0498    291.0157    288.7701    289.3665    290.4665    -39.5462   7380.1108      0.2312      0.1549
   6360.0498    290.9903    288.7183    289.3130    290.4159    -39.3042   7297.7773      0.2299      0.1548
   6420.0498    290.9625    288.6696    289.2629    290.3701    -39.0712   7203.5977      0.2285      0.1548
   6480.0498    290.9380    288.6147    289.2065    290.3173    -38.8457   7118.1191      0.2272      0.1548
   6540.0498    290.9079    288.5536    289.1439    290.2604    -38.5841   7004.5679      0.2255      0.1549
   6600.0498    290.8839    288.5142    289.1037    290.2235    -38.4371   6940.5513      0.2245      0.1550
   6660.0498    290.8590    288.4561    289.0439    290.1670    -38.1872   6857.0352      0.2232      0.1549
   6720.0498    290.8295    288.4012    288.9874    290.1151    -37.9331   6760.1851      0.2217      0.1550
   6780.0498    290.8029    288.3463    288.9313    290.0637    -37.7362   6676.1821      0.2204      0.1551
   6840.0498    290.7830    288.3131    288.8972    290.0299    -37.6280   6651.7964      0.2199      0.1549
   6900.0498    290.7647    288.2737    288.8571    289.9913    -37.5184   6614.8379      0.2193      0.1549
   6960.0498    290.7463    288.2375    288.8190    289.9517    -37.3495   6597.6880      0.2188      0.1546
   7020.0498    290.7217    288.1826    288.7629    289.8994    -37.1583   6523.2129      0.2176      0.1546
   7080.0498    290.6963    288.1339    288.7128    289.8524    -36.9599   6456.5244      0.2165      0.1546
   7140.0498    290.6767    288.1007    288.6784    289.8177    -36.8307   6435.4243      0.2161      0.1544
   7200.0498    290.6540    288.0489    288.6247    289.7653    -36.6129   6382.1899      0.2151      0.1542
   7260.0498    290.6228    287.9815    288.5564    289.7051    -36.3902   6264.8096      0.2133      0.1545
   7320.0498    290.5960    287.9391    288.5125    289.6633    -36.1992   6211.0547      0.2124      0.1543
   7380.0498    290.5777    287.9059    288.4784    289.6286    -36.1149   6200.4712      0.2121      0.1542
   7440.0498    290.5609    287.8728    288.4445    289.5945    -36.0340   6187.1807      0.2118      0.1540
   7500.0498    290.5452    287.8427    288.4130    289.5605    -35.9210   6188.8667      0.2116      0.1537
   7560.0498    290.5277    287.8034    288.3726    289.5204    -35.8037   6163.0376      0.2111      0.1536
   7620.0498    290.5087    287.7640    288.3318    289.4799    -35.6547   6133.8633      0.2105      0.1534
   7680.0498    290.4884    287.7246    288.2911    289.4392    -35.5145   6107.1318      0.2099      0.1532
   7740.0503    290.4720    287.6977    288.2632    289.4083    -35.4585   6123.5972      0.2100      0.1529
   7800.0503    290.4583    287.6677    288.2325    289.3754    -35.4153   6133.7725      0.2101      0.1526
   7860.0503    290.4436    287.6376    288.2012    289.3416    -35.3349   6141.2622      0.2100      0.1523
   7920.0503    290.4260    287.6014    288.1631    289.3015    -35.1693   6128.4492      0.2096      0.1520
   7980.0503    290.4085    287.5683    288.1294    289.2683    -35.1013   6110.5273      0.2092      0.1519
   8040.0503    290.3921    287.5351    288.0952    289.2327    -35.0142   6106.3525      0.2090      0.1517
   8100.0503    290.3777    287.5082    288.0667    289.2001    -34.9130   6124.3975      0.2091      0.1512
   8160.0503    290.3632    287.4782    288.0359    289.1676    -34.8569   6128.9331      0.2090      0.1510
   8220.0508    290.3466    287.4450    288.0015    289.1316    -34.7540   6123.5723      0.2088      0.1507
   8280.0508    290.3318    287.4150    287.9706    289.0992    -34.6914   6124.9819      0.2087      0.1505
   8340.0508    290.3169    287.3850    287.9392    289.0649    -34.5908   6131.8740      0.2086      0.1502
   8400.0508    290.2993    287.3456    287.8986    289.0240    -34.4615   6109.4761      0.2081      0.1500
   8460.0508    290.2832    287.3187    287.8703    288.9919    -34.3841   6129.9214      0.2082      0.1496
   8520.0508    290.2686    287.2887    287.8396    288.9594    -34.3347   6135.4834      0.2081      0.1494
   8580.0508    290.2542    287.2617    287.8111    288.9270    -34.2338   6152.4473      0.2081      0.1489
   8640.0508    290.2390    287.2286    287.7771    288.8922    -34.1600   6144.9331      0.2079      0.1488
   8700.0508    290.2212    287.1892    287.7367    288.8521    -34.0434   6118.6748      0.2074      0.1486
   8760.0508    290.2056    287.1623    287.7089    288.8217    -33.9912   6131.6567      0.2075      0.1484
   8820.0508    290.1904    287.1323    287.6773    288.7871    -33.8740   6136.8755      0.2073      0.1480
   8880.0508    290.1752    287.1023    287.6464    288.7549    -33.8073   6136.4150      0.2072      0.1478
   8940.0508    290.1575    287.0598    287.6021    288.7096    -33.6366   6111.9614      0.2066      0.1474
   9000.0508    290.1395    287.0297    287.5718    288.6799    -33.6042   6099.6191      0.2064      0.1474
   9060.0508    290.1278    287.0090    287.5501    288.6523    -33.5898   6151.3022      0.2069      0.1470
   9120.0508    290.1178    286.9883    287.5283    288.6237    -33.5765   6211.6440      0.2076      0.1465
   9180.0508    290.1074    286.9677    287.5063    288.5954    -33.5403   6264.7437      0.2081      0.1459
   9240.0508    290.0963    286.9470    287.4839    288.5660    -33.4695   6318.5254      0.2086      0.1453
   9300.0508    290.0846    286.9232    287.4591    288.5363    -33.4372   6359.2861      0.2090      0.1449
   9360.0508    290.0731    286.8994    287.4344    288.5073    -33.4168   6398.0386      0.2094      0.1445
   9420.0508    290.0617    286.8755    287.4097    288.4779    -33.3910   6438.1123      0.2098      0.1441
   9480.0508    290.0500    286.8517    287.3849    288.4486    -33.3575   6476.7393      0.2101      0.1437
   9540.0508    290.0370    286.8248    287.3567    288.4166    -33.2937   6503.3584      0.2103      0.1434
   9600.0508    290.0230    286.7979    287.3284    288.3847    -33.2000   6519.9458      0.2103      0.1430
   9660.0508    290.0088    286.7679    287.2975    288.3523    -33.1428   6523.7808      0.2102      0.1428
   9720.0508    289.9948    286.7410    287.2690    288.3199    -33.0385   6542.1694      0.2102      0.1423
   9780.0508    289.9807    286.7141    287.2418    288.2911    -33.0259   6554.4727      0.2103      0.1422
   9840.0508    289.9703    286.6934    287.2199    288.2630    -33.0044   6616.5093      0.2110      0.1417
   9900.0508    289.9593    286.6727    287.1975    288.2338    -32.9355   6675.5332      0.2114      0.1410
   9960.0508    289.9473    286.6458    287.1700    288.2041    -32.9081   6692.0195      0.2116      0.1408
  10020.0508    289.9360    286.6251    287.1482    288.1772    -32.8721   6740.0068      0.2120      0.1404
  10080.0508    289.9246    286.6013    287.1233    288.1483    -32.8284   6775.4067      0.2123      0.1400
  10140.0508    289.9122    286.5775    287.0983    288.1195    -32.7662   6803.9785      0.2125      0.1396
  10200.0508    289.8999    286.5537    287.0735    288.0912    -32.7107   6829.7437      0.2126      0.1393
  10260.0508    289.8903    286.5330    287.0521    288.0648    -32.7239   6890.2988      0.2133      0.1389
  10320.0508    289.8791    286.5123    287.0294    288.0357    -32.6283   6944.7964      0.2137      0.1383
  10380.0508    289.8660    286.4854    287.0023    288.0077    -32.6093   6947.8970      0.2137      0.1382
  10440.0508    289.8546    286.4616    286.9772    287.9790    -32.5389   6974.7813      0.2138      0.1378
  10500.0508    289.8463    286.4471    286.9618    287.9571    -32.5501   7055.2324      0.2147      0.1373
  10560.0508    289.8360    286.4264    286.9406    287.9330    -32.5431   7087.4204      0.2150      0.1371
  10620.0508    289.8278    286.4088    286.9213    287.9079    -32.4643   7141.7295      0.2154      0.1365
  10680.0508    289.8194    286.3943    286.9066    287.8889    -32.5093   7205.2139      0.2161      0.1362
  10740.0508    289.8134    286.3830    286.8940    287.8698    -32.4904   7283.1440      0.2169      0.1357
  10800.0508    289.8074    286.3717    286.8816    287.8511    -32.4824   7361.8379      0.2176      0.1351
  10860.0508    289.7974    286.3447    286.8540    287.8232    -32.4259   7352.9399      0.2174      0.1350
  10920.0508    289.7872    286.3303    286.8387    287.8041    -32.4020   7396.6416      0.2178      0.1347
  10980.0508    289.7811    286.3189    286.8263    287.7859    -32.3917   7470.7314      0.2185      0.1342
  11040.0508    289.7798    286.3231    286.8305    287.7829    -32.5211   7601.2642      0.2201      0.1338
  11100.0508    289.7787    286.3149    286.8210    287.7664    -32.5018   7693.6821      0.2209      0.1332
  11160.0508    289.7726    286.3004    286.8059    287.7490    -32.4813   7720.8462      0.2212      0.1330
  11220.0508    289.7707    286.3046    286.8097    287.7466    -32.5517   7828.2427      0.2223      0.1326
  11280.0508    289.7707    286.3089    286.8135    287.7452    -32.5979   7917.4517      0.2233      0.1322
  11340.0508    289.7707    286.3255    286.8309    287.7568    -32.7841   8053.1064      0.2250      0.1320
  11400.0508    289.7707    286.3391    286.8453    287.7661    -32.9673   8179.5449      0.2266      0.1318
  11460.0508    289.7707    286.3526    286.8581    287.7705    -33.0445   8333.3086      0.2281      0.1312
  11520.0508    289.7707    286.3724    286.8774    287.7818    -33.1507   8493.7324      0.2298      0.1306
  11580.0508    289.7707    286.3828    286.8897    287.7916    -33.3969   8602.2295      0.2314      0.1307
  11640.0508    289.7707    286.4026    286.9083    287.8005    -33.4606   8787.3281      0.2332      0.1299
  11700.0508    289.7707    286.4161    286.9226    287.8103    -33.6418   8919.8838      0.2347      0.1298
  11760.0508    289.7707    286.4328    286.9384    287.8181    -33.7101   9085.1689      0.2363      0.1292
  11820.0498    289.7707    286.4464    286.9520    287.8264    -33.8292   9220.4385      0.2378      0.1288
  11880.0498    289.7707    286.4599    286.9654    287.8344    -33.9201   9349.8115      0.2391      0.1285
  11940.0498    289.7707    286.4703    286.9760    287.8407    -34.0278   9464.6982      0.2403      0.1282
  12000.0498    289.7707    286.4808    286.9874    287.8493    -34.1963   9570.2168      0.2416      0.1282
  12060.0498    289.7707    286.4912    286.9979    287.8557    -34.2863   9679.2285      0.2427      0.1279
  12120.0498    289.7707    286.5079    287.0133    287.8639    -34.3123   9838.7041      0.2441      0.1273
  12180.0498    289.7707    286.5215    287.0269    287.8723    -34.4206   9981.7012      0.2455      0.1269
  12240.0498    289.7707    286.5319    287.0374    287.8783    -34.5184  10107.7725      0.2468      0.1267
  12300.0498    289.7707    286.5410    287.0468    287.8849    -34.6229  10203.5820      0.2478      0.1265
  12360.0498    289.7707    286.5519    287.0575    287.8915    -34.6944  10318.2051      0.2489      0.1262
  12420.0498    289.7707    286.5641    287.0694    287.8988    -34.7643  10444.3135      0.2501      0.1259
  12480.0498    289.7707    286.5698    287.0768    287.9055    -34.9711  10524.6279      0.2512      0.1261
  12540.0498    289.7707    286.5822    287.0884    287.9121    -34.9959  10651.5898      0.2523      0.1256
  12600.0498    289.7707    286.5898    287.0966    287.9180    -35.1158  10744.0830      0.2533      0.1255
  12660.0498    289.7707    286.6041    287.1096    287.9251    -35.1042  10884.7549      0.2543      0.1250
  12720.0498    289.7707    286.6088    287.1154    287.9301    -35.2502  10953.5918      0.2552      0.1251
  12780.0498    289.7707    286.6212    287.1270    287.9369    -35.2879  11086.8838      0.2563      0.1246
  12840.0498    289.7707    286.6293    287.1353    287.9421    -35.3776  11196.1377      0.2574      0.1245
  12900.0498    289.7707    286.6426    287.1477    287.9492    -35.4035  11340.5195      0.2585      0.1240
  12960.0498    289.7707    286.6506    287.1556    287.9539    -35.4736  11449.1357      0.2595      0.1238
  13020.0498    289.7707    286.6540    287.1609    287.9597    -35.6678  11499.6172      0.2604      0.1240
  13080.0498    289.7707    286.6694    287.1746    287.9667    -35.6358  11669.5781      0.2616      0.1234
  13140.0498    289.7707    286.6744    287.1793    287.9692    -35.6730  11746.1318      0.2622      0.1232
  13200.0498    289.7707    286.6835    287.1884    287.9757    -35.7413  11842.0908      0.2631      0.1230
  13260.0498    289.7707    286.6939    287.1988    287.9825    -35.8172  11970.0947      0.2642      0.1227
  13320.0498    289.7707    286.7029    287.2076    287.9879    -35.8844  12089.7939      0.2653      0.1225
  13380.0498    289.7707    286.7094    287.2141    287.9922    -35.9469  12175.6475      0.2661      0.1223
  13440.0498    289.7707    286.7174    287.2219    287.9966    -35.9999  12293.5000      0.2670      0.1221
  13500.0498    289.7707    286.7229    287.2277    288.0012    -36.0792  12360.4932      0.2677      0.1220
  13560.0498    289.7707    286.7293    287.2339    288.0052    -36.1006  12432.4619      0.2683      0.1218
  13620.0498    289.7707    286.7355    287.2408    288.0109    -36.2143  12511.1426      0.2691      0.1218
  13680.0498    289.7707    286.7458    287.2502    288.0161    -36.2223  12642.7207      0.2701      0.1214
  13740.0498    289.7707    286.7516    287.2567    288.0212    -36.3419  12730.0078      0.2710      0.1214
  13800.0498    289.7707    286.7610    287.2655    288.0262    -36.3759  12863.0527      0.2720      0.1211
  13860.0498    289.7707    286.7687    287.2728    288.0307    -36.4066  12962.7266      0.2728      0.1208
  13920.0498    289.7707    286.7738    287.2787    288.0354    -36.5198  13042.0605      0.2736      0.1208
  13980.0498    289.7707    286.7813    287.2852    288.0389    -36.5021  13134.2813      0.2742      0.1205
  14040.0498    289.7707    286.7881    287.2923    288.0442    -36.5828  13224.9844      0.2751      0.1204
  14100.0498    289.7707    286.7929    287.2967    288.0465    -36.5865  13294.4180      0.2755      0.1202
  14160.0498    289.7707    286.7994    287.3032    288.0511    -36.6321  13373.8760      0.2762      0.1201
  14220.0498    289.7707    286.8004    287.3060    288.0553    -36.8037  13394.7090      0.2768      0.1204
  14280.0498    289.7707    286.8108    287.3148    288.0595    -36.7506  13532.1221      0.2776      0.1199
  14340.0498    289.7707    286.8159    287.3203    288.0639    -36.8251  13598.3662      0.2782      0.1198
  14400.0498    289.7707    286.8243    287.3279    288.0680    -36.8178  13714.1182      0.2790      0.1195
  14460.0498    289.7707    286.8318    287.3351    288.0727    -36.8635  13819.2363      0.2798      0.1193
  14520.0498    289.7707    286.8372    287.3409    288.0768    -36.9524  13916.2676      0.2807      0.1192
  14580.0498    289.7707    286.8427    287.3459    288.0797    -36.9457  13986.7705      0.2811      0.1190
  14640.0498    289.7707    286.8466    287.3506    288.0844    -37.0605  14038.0986      0.2818      0.1191
  14700.0498    289.7707    286.8542    287.3576    288.0884    -37.0708  14150.0479      0.2825      0.1188
  14760.0498    289.7707    286.8614    287.3644    288.0927    -37.0964  14250.7510      0.2833      0.1186
  14820.0498    289.7707    286.8649    287.3686    288.0964    -37.1924  14306.6787      0.2839      0.1186
  14880.0498    289.7707    286.8706    287.3740    288.0998    -37.2069  14388.5205      0.2844      0.1184
  14940.0498    289.7707    286.8757    287.3793    288.1039    -37.2723  14461.4707      0.2851      0.1184
  15000.0498    289.7707    286.8793    287.3839    288.1082    -37.3934  14519.0381      0.2858      0.1185
  15060.0498    289.7707    286.8859    287.3893    288.1104    -37.3496  14624.0381      0.2863      0.1181
  15120.0498    289.7707    286.8932    287.3957    288.1141    -37.3198  14716.2822      0.2869      0.1178
  15180.0498    289.7707    286.8955    287.3988    288.1170    -37.4149  14762.7695      0.2874      0.1179
  15240.0498    289.7707    286.8992    287.4026    288.1200    -37.4572  14813.4805      0.2878      0.1178
  15300.0498    289.7707    286.9062    287.4090    288.1239    -37.4568  14909.3477      0.2885      0.1176
  15360.0498    289.7707    286.9089    287.4126    288.1274    -37.5673  14960.0166      0.2891      0.1177
  15420.0498    289.7707    286.9149    287.4179    288.1302    -37.5577  15058.4102      0.2897      0.1174
  15480.0498    289.7707    286.9181    287.4207    288.1316    -37.5570  15112.8369      0.2900      0.1173
  15540.0498    289.7707    286.9192    287.4230    288.1349    -37.6612  15113.5703      0.2903      0.1175
  15600.0498    289.7707    286.9239    287.4272    288.1374    -37.6567  15182.3994      0.2907      0.1173
  15660.0498    289.7707    286.9286    287.4315    288.1403    -37.6558  15241.2930      0.2911      0.1171
  15720.0498    289.7707    286.9334    287.4355    288.1420    -37.6222  15317.5762      0.2915      0.1169
  15780.0498    289.7707    286.9366    287.4393    288.1458    -37.6985  15356.3359      0.2919      0.1169
  15840.0498    289.7707    286.9402    287.4431    288.1487    -37.7602  15419.0635      0.2925      0.1169
  15900.0498    289.7707    286.9437    287.4467    288.1512    -37.7885  15473.4883      0.2929      0.1168
  15960.0498    289.7707    286.9473    287.4506    288.1545    -37.8521  15525.8721      0.2934      0.1168
  16020.0498    289.7707    286.9529    287.4552    288.1562    -37.8141  15629.7471      0.2939      0.1165
  16080.0498    289.7707    286.9567    287.4588    288.1589    -37.8280  15678.0479      0.2943      0.1164
  16140.0498    289.7707    286.9621    287.4638    288.1619    -37.8332  15765.9277      0.2948      0.1162
  16200.0498    289.7707    286.9613    287.4637    288.1617    -37.9151  15805.0566      0.2953      0.1163
  16260.0498    289.7707    286.9640    287.4665    288.1644    -37.9277  15813.3867      0.2954      0.1163
  16320.0498    289.7707    286.9698    287.4713    288.1667    -37.8784  15898.4883      0.2958      0.1160
  16380.0498    289.7707    286.9710    287.4732    288.1692    -37.9584  15909.4082      0.2960      0.1161
  16440.0508    289.7707    286.9735    287.4756    288.1708    -37.9714  15951.6465      0.2963      0.1160
  16500.0508    289.7707    286.9793    287.4805    288.1730    -37.9384  16053.0176      0.2969      0.1157
  16560.0508    289.7707    286.9820    287.4832    288.1751    -37.9506  16084.6611      0.2971      0.1157
  16620.0508    289.7707    286.9816    287.4841    288.1774    -38.0744  16079.3682      0.2974      0.1159
  16680.0508    289.7707    286.9860    287.4885    288.1806    -38.1033  16141.5225      0.2978      0.1158
  16740.0508    289.7707    286.9948    287.4957    288.1839    -38.0278  16283.8486      0.2985      0.1153
  16800.0508    289.7707    286.9945    287.4951    288.1823    -38.0333  16333.5928      0.2988      0.1152
  16860.0508    289.7707    286.9940    287.4955    288.1838    -38.1064  16317.1240      0.2989      0.1154
  16920.0508    289.7707    286.9969    287.4983    288.1859    -38.1238  16353.2705      0.2992      0.1154
  16980.0508    289.7707    286.9997    287.5012    288.1881    -38.1478  16393.2852      0.2995      0.1153
  17040.0508    289.7707    287.0057    287.5061    288.1906    -38.0996  16486.4063      0.2999      0.1150
  17100.0508    289.7707    287.0069    287.5078    288.1921    -38.1536  16517.1289      0.3003      0.1151
  17160.0508    289.7707    287.0112    287.5115    288.1943    -38.1400  16582.8672      0.3006      0.1149
  17220.0508    289.7707    287.0109    287.5120    288.1953    -38.2229  16598.5996      0.3009      0.1150
  17280.0508    289.7707    287.0152    287.5152    288.1962    -38.1582  16677.5566      0.3012      0.1147
  17340.0508    289.7707    287.0164    287.5168    288.1978    -38.2109  16699.7207      0.3015      0.1148
  17400.0508    289.7707    287.0176    287.5190    288.2004    -38.3013  16717.9453      0.3019      0.1149
  17460.0508    289.7707    287.0235    287.5235    288.2018    -38.2367  16836.5957      0.3024      0.1145
  17520.0508    289.7707    287.0248    287.5254    288.2040    -38.2988  16849.0820      0.3026      0.1146
  17580.0508    289.7707    287.0244    287.5249    288.2029    -38.3061  16880.7871      0.3028      0.1145
  17640.0508    289.7707    287.0303    287.5293    288.2048    -38.2070  16958.5391      0.3030      0.1142
  17700.0508    289.7707    287.0298    287.5297    288.2060    -38.2829  16952.7988      0.3032      0.1143
  17760.0508    289.7707    287.0295    287.5302    288.2074    -38.3655  16949.8789      0.3034      0.1145
  17820.0508    289.7707    287.0323    287.5329    288.2093    -38.3845  16998.1387      0.3037      0.1144
  17880.0508    289.7707    287.0381    287.5378    288.2117    -38.3443  17099.4453      0.3042      0.1141
  17940.0508    289.7707    287.0426    287.5415    288.2133    -38.3247  17194.2285      0.3047      0.1139
  18000.0508    289.7707    287.0406    287.5404    288.2126    -38.4123  17207.4863      0.3051      0.1140
  18060.0508    289.7707    287.0418    287.5414    288.2132    -38.4040  17226.9746      0.3051      0.1140
  18120.0508    289.7707    287.0445    287.5431    288.2132    -38.3278  17275.6777      0.3052      0.1137
  18180.0508    289.7707    287.0457    287.5443    288.2144    -38.3348  17281.2910      0.3053      0.1137
  18240.0508    289.7707    287.0453    287.5449    288.2160    -38.4215  17268.0547      0.3054      0.1139
  18300.0508    289.7707    287.0512    287.5497    288.2184    -38.3642  17361.9473      0.3058      0.1136
  18360.0508    289.7707    287.0477    287.5474    288.2176    -38.4674  17333.8926      0.3059      0.1138
  18420.0508    289.7707    287.0519    287.5507    288.2190    -38.4042  17398.4551      0.3062      0.1136
  18480.0508    289.7707    287.0517    287.5514    288.2208    -38.4948  17390.3770      0.3063      0.1138
  18540.0508    289.7707    287.0529    287.5524    288.2209    -38.4970  17433.8652      0.3066      0.1137
  18600.0508    289.7707    287.0588    287.5569    288.2227    -38.4121  17530.0801      0.3069      0.1133
  18660.0508    289.7707    287.0616    287.5595    288.2244    -38.4235  17584.1875      0.3073      0.1132
  18720.0508    289.7707    287.0628    287.5616    288.2269    -38.5241  17610.3281      0.3077      0.1134
  18780.0508    289.7707    287.0610    287.5600    288.2251    -38.5520  17632.5195      0.3079      0.1134
  18840.0508    289.7707    287.0622    287.5607    288.2250    -38.5170  17653.1406      0.3079      0.1133
  18900.0508    289.7707    287.0648    287.5623    288.2251    -38.4469  17698.1133      0.3080      0.1130
  18960.0508    289.7707    287.0659    287.5634    288.2260    -38.4455  17706.8672      0.3081      0.1130
  19020.0508    289.7707    287.0640    287.5623    288.2260    -38.5010  17675.7695      0.3080      0.1132
  19080.0508    289.7707    287.0634    287.5622    288.2264    -38.5436  17669.7207      0.3081      0.1133
  19140.0508    289.7707    287.0661    287.5643    288.2275    -38.5117  17705.2949      0.3082      0.1131
  19200.0508    289.7707    287.0688    287.5663    288.2282    -38.4729  17757.4844      0.3084      0.1130
  19260.0508    289.7707    287.0684    287.5665    288.2290    -38.5235  17748.0723      0.3085      0.1131
  19320.0508    289.7707    287.0696    287.5673    288.2289    -38.4914  17777.4922      0.3086      0.1129
  19380.0508    289.7707    287.0677    287.5661    288.2288    -38.5517  17753.5859      0.3086      0.1131
  19440.0508    289.7707    287.0703    287.5682    288.2298    -38.5170  17789.6680      0.3087      0.1130
  19500.0508    289.7707    287.0730    287.5710    288.2321    -38.5480  17831.0547      0.3090      0.1129
  19560.0508    289.7707    287.0773    287.5748    288.2342    -38.5365  17913.7715      0.3095      0.1127
  19620.0508    289.7707    287.0770    287.5736    288.2317    -38.4786  17954.7500      0.3096      0.1125
  19680.0508    289.7707    287.0768    287.5734    288.2317    -38.4802  17947.3359      0.3095      0.1126
  19740.0508    289.7707    287.0764    287.5732    288.2317    -38.4924  17939.8262      0.3095      0.1126
  19800.0508    289.7707    287.0760    287.5730    288.2318    -38.5055  17929.2832      0.3095      0.1127
  19860.0508    289.7707    287.0756    287.5735    288.2333    -38.5801  17914.3672      0.3096      0.1128
  19920.0508    289.7707    287.0783    287.5755    288.2339    -38.5477  17971.5254      0.3098      0.1126
  19980.0508    289.7707    287.0794    287.5761    288.2335    -38.5123  18005.1602      0.3099      0.1125
  20040.0508    289.7707    287.0790    287.5757    288.2331    -38.5131  18008.2188      0.3100      0.1125
  20100.0508    289.7707    287.0771    287.5740    288.2317    -38.5304  17997.1660      0.3099      0.1126
  20160.0508    289.7707    287.0782    287.5746    288.2317    -38.4880  18011.3711      0.3099      0.1124
  20220.0508    289.7707    287.0778    287.5742    288.2313    -38.4842  18009.4395      0.3099      0.1124
  20280.0508    289.7707    287.0773    287.5741    288.2316    -38.5158  18000.2344      0.3099      0.1125
  20340.0508    289.7707    287.0800    287.5758    288.2318    -38.4536  18054.7617      0.3101      0.1123
  20400.0508    289.7707    287.0794    287.5756    288.2318    -38.4832  18053.9531      0.3101      0.1124
  20460.0508    289.7707    287.0790    287.5757    288.2326    -38.5307  18042.7773      0.3102      0.1125
  20520.0508    289.7707    287.0818    287.5774    288.2326    -38.4590  18098.5039      0.3103      0.1122
  20580.0508    289.7707    287.0813    287.5779    288.2339    -38.5340  18087.1816      0.3105      0.1124
  20640.0508    289.7707    287.0856    287.5816    288.2362    -38.5181  18155.4102      0.3108      0.1122
  20700.0508    289.7707    287.0818    287.5785    288.2337    -38.5829  18155.3770      0.3110      0.1123
  20760.0508    289.7707    287.0815    287.5771    288.2310    -38.4888  18173.8008      0.3108      0.1121
  20820.0508    289.7707    287.0795    287.5753    288.2299    -38.5000  18147.3242      0.3107      0.1122
  20880.0508    289.7707    287.0807    287.5757    288.2294    -38.4344  18162.8066      0.3106      0.1120
  20940.0508    289.7707    287.0803    287.5751    288.2287    -38.4108  18159.6563      0.3106      0.1120
  21000.0508    289.7707    287.0798    287.5747    288.2283    -38.4108  18153.2676      0.3105      0.1120
  21060.0508    289.7707    287.0793    287.5746    288.2289    -38.4474  18139.1738      0.3105      0.1121
  21120.0508    289.7707    287.0788    287.5750    288.2302    -38.5253  18126.4004      0.3107      0.1123
  21180.0508    289.7707    287.0831    287.5784    288.2318    -38.4741  18197.3164      0.3109      0.1120
  21240.0508    289.7707    287.0843    287.5798    288.2328    -38.5091  18232.9531      0.3112      0.1120
  21300.0508    289.7707    287.0869    287.5813    288.2325    -38.4396  18300.6602      0.3114      0.1118
  21360.0508    289.7707    287.0834    287.5786    288.2308    -38.4970  18272.5508      0.3114      0.1119
  21420.0508    289.7707    287.0846    287.5789    288.2299    -38.4255  18300.1406      0.3114      0.1117
  21480.0508    289.7707    287.0827    287.5774    288.2291    -38.4523  18274.8262      0.3113      0.1118
  21540.0508    289.7707    287.0825    287.5767    288.2278    -38.4103  18287.1387      0.3113      0.1117
  21600.0508    289.7707    287.0805    287.5755    288.2277    -38.4672  18252.4922      0.3112      0.1119
  21660.0508    289.7707    287.0818    287.5758    288.2267    -38.3923  18288.6855      0.3112      0.1117
  21720.0508    289.7707    287.0797    287.5746    288.2266    -38.4502  18253.6035      0.3112      0.1119
  21780.0508    289.7707    287.0809    287.5751    288.2263    -38.4114  18280.1484      0.3112      0.1117
  21840.0508    289.7707    287.0819    287.5757    288.2263    -38.3779  18299.7500      0.3113      0.1116
  21900.0508    289.7707    287.0799    287.5745    288.2261    -38.4412  18272.9063      0.3113      0.1118
  21960.0508    289.7707    287.0779    287.5729    288.2251    -38.4705  18257.4805      0.3113      0.1119
  22020.0508    289.7707    287.0791    287.5736    288.2250    -38.4285  18278.8574      0.3113      0.1118
  22080.0508    289.7707    287.0819    287.5753    288.2253    -38.3591  18326.4395      0.3114      0.1116
  22140.0508    289.7707    287.0784    287.5726    288.2236    -38.4128  18291.2930      0.3113      0.1117
  22200.0508    289.7707    287.0778    287.5716    288.2223    -38.3724  18292.1074      0.3112      0.1116
  22260.0508    289.7707    287.0759    287.5705    288.2225    -38.4348  18250.4961      0.3111      0.1119
  22320.0508    289.7707    287.0802    287.5735    288.2233    -38.3432  18324.4980      0.3113      0.1115
  22380.0508    289.7707    287.0782    287.5714    288.2211    -38.3281  18320.5781      0.3113      0.1115
  22440.0508    289.7707    287.0746    287.5685    288.2193    -38.3691  18278.7070      0.3111      0.1117
  22500.0508    289.7707    287.0758    287.5687    288.2185    -38.2895  18294.2715      0.3110      0.1115
  22560.0508    289.7707    287.0739    287.5669    288.2170    -38.2813  18274.3496      0.3109      0.1115
  22620.0508    289.7707    287.0721    287.5654    288.2162    -38.3032  18246.2793      0.3108      0.1116
  22680.0508    289.7707    287.0717    287.5650    288.2159    -38.2933  18236.6914      0.3107      0.1116
  22740.0508    289.7707    287.0699    287.5635    288.2151    -38.3199  18211.3340      0.3106      0.1117
  22800.0508    289.7707    287.0710    287.5640    288.2148    -38.2730  18231.0977      0.3106      0.1116
  22860.0508    289.7707    287.0690    287.5625    288.2141    -38.3039  18204.2949      0.3105      0.1117
  22920.0508    289.7707    287.0700    287.5629    288.2136    -38.2592  18229.6387      0.3106      0.1116
  22980.0508    289.7707    287.0695    287.5624    288.2132    -38.2582  18224.9355      0.3105      0.1116
  23040.0508    289.7707    287.0692    287.5619    288.2123    -38.2395  18232.2715      0.3105      0.1115
  23100.0508    289.7707    287.0688    287.5616    288.2122    -38.2464  18225.1953      0.3105      0.1115
  23160.0508    289.7707    287.0668    287.5601    288.2115    -38.2836  18204.9004      0.3105      0.1116
  23220.0508    289.7707    287.0680    287.5611    288.2121    -38.2707  18219.8672      0.3105      0.1116
  23280.0508    289.7707    287.0693    287.5617    288.2116    -38.2247  18254.5449      0.3106      0.1114
  23340.0508    289.7707    287.0659    287.5593    288.2108    -38.3008  18207.7246      0.3105      0.1117
  23400.0508    289.7707    287.0672    287.5596    288.2096    -38.2237  18250.8828      0.3106      0.1114
  23460.0508    289.7707    287.0652    287.5580    288.2085    -38.2441  18229.2344      0.3105      0.1115
  23520.0508    289.7707    287.0678    287.5597    288.2089    -38.1749  18266.4395      0.3105      0.1113
  23580.0508    289.7707    287.0659    287.5580    288.2077    -38.1985  18251.3574      0.3105      0.1114
  23640.0508    289.7707    287.0670    287.5586    288.2075    -38.1566  18274.0977      0.3105      0.1113
  23700.0508    289.7707    287.0651    287.5573    288.2070    -38.1977  18249.3164      0.3105      0.1114
  23760.0508    289.7707    287.0650    287.5571    288.2066    -38.1891  18253.6758      0.3105      0.1114
  23820.0508    289.7707    287.0661    287.5575    288.2060    -38.1372  18284.7344      0.3105      0.1112
  23880.0508    289.7707    287.0643    287.5562    288.2056    -38.1818  18259.0039      0.3105      0.1113
  23940.0508    289.7707    287.0655    287.5568    288.2050    -38.1280  18292.3457      0.3106      0.1112
  24000.0508    289.7707    287.0652    287.5565    288.2050    -38.1386  18285.8262      0.3106      0.1112
  24060.0508    289.7707    287.0647    287.5558    288.2040    -38.1227  18295.5156      0.3106      0.1111
  24120.0508    289.7707    287.0625    287.5547    288.2042    -38.1948  18256.8574      0.3105      0.1114
  24180.0508    289.7707    287.0637    287.5549    288.2030    -38.1236  18296.1836      0.3106      0.1111
  24240.0508    289.7707    287.0632    287.5545    288.2029    -38.1375  18291.1191      0.3106      0.1112
  24300.0508    289.7707    287.0598    287.5521    288.2021    -38.2138  18244.2109      0.3105      0.1114
  24360.0508    289.7707    287.0594    287.5516    288.2015    -38.2032  18245.5234      0.3105      0.1114
  24420.0508    289.7707    287.0621    287.5532    288.2013    -38.1192  18294.8281      0.3106      0.1111
  24480.0508    289.7707    287.0602    287.5518    288.2006    -38.1529  18274.0957      0.3105      0.1113
  24540.0508    289.7707    287.0583    287.5503    288.1998    -38.1878  18255.6328      0.3105      0.1114
  24600.0508    289.7707    287.0611    287.5518    288.1994    -38.0866  18308.5332      0.3105      0.1111
  24660.0508    289.7707    287.0607    287.5513    288.1987    -38.0753  18314.4863      0.3105      0.1110
  24720.0508    289.7707    287.0589    287.5503    288.1990    -38.1422  18277.7344      0.3105      0.1112
  24780.0508    289.7707    287.0600    287.5505    288.1978    -38.0708  18315.7676      0.3105      0.1110
  24840.0508    289.7707    287.0596    287.5503    288.1978    -38.0862  18311.9180      0.3106      0.1110
  24900.0508    289.7707    287.0561    287.5477    288.1967    -38.1549  18268.8594      0.3105      0.1113
  24960.0508    289.7707    287.0588    287.5491    288.1961    -38.0507  18321.8926      0.3105      0.1110
  25020.0508    289.7707    287.0585    287.5488    288.1957    -38.0492  18324.5039      0.3105      0.1109
  25080.0508    289.7707    287.0550    287.5465    288.1953    -38.1449  18270.5625      0.3105      0.1112
  25140.0508    289.7707    287.0578    287.5483    288.1954    -38.0708  18321.9160      0.3106      0.1110
  25200.0508    289.7707    287.0559    287.5469    288.1946    -38.1035  18304.0781      0.3106      0.1111
  25260.0508    289.7707    287.0572    287.5473    288.1939    -38.0477  18341.1895      0.3106      0.1109
  25320.0508    289.7707    287.0567    287.5464    288.1925    -38.0119  18351.0293      0.3106      0.1108
  25380.0508    289.7707    287.0547    287.5449    288.1915    -38.0409  18332.5117      0.3106      0.1109
  25440.0508    289.7707    287.0544    287.5441    288.1902    -38.0082  18346.3027      0.3105      0.1108
  25500.0508    289.7707    287.0539    287.5438    288.1902    -38.0264  18338.3301      0.3106      0.1109
  25560.0508    289.7707    287.0536    287.5429    288.1886    -37.9762  18354.0762      0.3105      0.1107
  25620.0508    289.7707    287.0516    287.5410    288.1869    -37.9795  18343.6250      0.3105      0.1108
  25680.0508    289.7707    287.0512    287.5409    288.1873    -37.9984  18328.5371      0.3104      0.1108
  25740.0508    289.7707    287.0479    287.5381    288.1852    -38.0302  18300.6836      0.3104      0.1110
  25800.0508    289.7707    287.0460    287.5365    288.1842    -38.0554  18282.9922      0.3103      0.1110
  25860.0508    289.7707    287.0471    287.5371    288.1840    -38.0103  18301.8164      0.3103      0.1109
  25920.0508    289.7707    287.0484    287.5376    288.1834    -37.9500  18332.4609      0.3103      0.1107
  25980.0508    289.7707    287.0465    287.5365    288.1833    -38.0068  18301.3867      0.3103      0.1109
  26040.0508    289.7707    287.0477    287.5367    288.1822    -37.9345  18338.7148      0.3103      0.1107
  26100.0508    289.7707    287.0473    287.5363    288.1818    -37.9300  18334.8633      0.3103      0.1107
  26160.0508    289.7707    287.0455    287.5349    288.1811    -37.9606  18311.2910      0.3102      0.1108
  26220.0508    289.7707    287.0436    287.5333    288.1801    -37.9830  18296.3770      0.3102      0.1109
  26280.0508    289.7707    287.0417    287.5318    288.1792    -38.0117  18273.9668      0.3102      0.1110
  26340.0508    289.7707    287.0445    287.5331    288.1783    -37.8923  18333.6406      0.3102      0.1106
  26400.0508    289.7707    287.0425    287.5313    288.1768    -37.9006  18319.6465      0.3101      0.1107
  26460.0508    289.7707    287.0390    287.5289    288.1763    -37.9854  18261.7168      0.3100      0.1109
  26520.0508    289.7707    287.0400    287.5289    288.1749    -37.9038  18292.3047      0.3100      0.1107
  26580.0508    289.7707    287.0395    287.5279    288.1734    -37.8648  18303.1289      0.3099      0.1106
  26640.0508    289.7707    287.0375    287.5263    288.1724    -37.8859  18279.3906      0.3098      0.1107
  26700.0508    289.7707    287.0339    287.5234    288.1709    -37.9423  18236.2832      0.3098      0.1109
  26760.0508    289.7707    287.0350    287.5235    288.1695    -37.8563  18268.1738      0.3097      0.1107
  26820.0508    289.7707    287.0345    287.5226    288.1682    -37.8198  18274.7090      0.3096      0.1106
  26880.0508    289.7707    287.0325    287.5210    288.1672    -37.8407  18250.8047      0.3096      0.1107
  26940.0508    289.7707    287.0290    287.5168    288.1624    -37.7804  18250.9199      0.3094      0.1106
  27000.0508    289.7707    287.0285    287.5162    288.1618    -37.7683  18247.0566      0.3094      0.1105
  27060.0508    289.7707    287.0251    287.5136    288.1606    -37.8300  18203.4414      0.3093      0.1108
  27120.0508    289.7707    287.0244    287.5121    288.1582    -37.7619  18216.5781      0.3092      0.1106
  27180.0508    289.7707    287.0209    287.5098    288.1576    -37.8382  18163.5977      0.3091      0.1109
  27240.0508    289.7707    287.0237    287.5110    288.1566    -37.7191  18221.5039      0.3091      0.1105
  27300.0508    289.7707    287.0217    287.5090    288.1548    -37.7167  18207.6563      0.3090      0.1105
  27360.0508    289.7707    287.0181    287.5058    288.1524    -37.7331  18174.7520      0.3089      0.1106
  27420.0508    289.7707    287.0163    287.5035    288.1497    -37.6853  18172.6855      0.3087      0.1105
  27480.0508    289.7707    287.0142    287.5016    288.1483    -37.6933  18146.9941      0.3086      0.1106
  27540.0508    289.7707    287.0139    287.5008    288.1470    -37.6531  18154.1172      0.3085      0.1105
  27600.0508    289.7707    287.0119    287.4989    288.1454    -37.6488  18137.3965      0.3084      0.1105
  27660.0508    289.7707    287.0099    287.4972    288.1442    -37.6569  18110.6660      0.3083      0.1106
  27720.0508    289.7707    287.0080    287.4951    288.1422    -37.6458  18099.7344      0.3082      0.1106
  27780.0508    289.7707    287.0044    287.4920    288.1401    -37.6656  18055.9043      0.3080      0.1107
  27840.0508    289.7707    287.0056    287.4923    288.1393    -37.5951  18078.3965      0.3079      0.1105
  27900.0508    289.7707    287.0022    287.4896    288.1378    -37.6429  18042.9453      0.3079      0.1107
  27960.0508    289.7707    287.0018    287.4881    288.1350    -37.5517  18063.1250      0.3077      0.1105
  28020.0508    289.7707    286.9999    287.4864    288.1335    -37.5524  18048.0977      0.3077      0.1105
  28080.0508    289.7707    286.9980    287.4849    288.1330    -37.5800  18009.9688      0.3075      0.1107
  28140.0508    289.7707    286.9960    287.4832    288.1319    -37.5954  17988.3398      0.3074      0.1107
  28200.0508    289.7707    286.9972    287.4834    288.1308    -37.5178  18017.3770      0.3074      0.1105
  28260.0508    289.7707    286.9967    287.4828    288.1303    -37.5110  18010.3203      0.3073      0.1105
  28320.0508    289.7707    286.9949    287.4812    288.1290    -37.5119  17992.9707      0.3072      0.1106
  28380.0508    289.7707    286.9899    287.4768    288.1259    -37.5524  17946.4258      0.3071      0.1107
  28440.0508    289.7707    286.9816    287.4676    288.1157    -37.4633  17949.3223      0.3069      0.1105
  28500.0508    289.7707    286.9765    287.4625    288.1116    -37.4331  17882.8242      0.3064      0.1106
  28560.0508    289.7707    286.9745    287.4609    288.1111    -37.4534  17839.1406      0.3062      0.1108
  28620.0508    289.7707    286.9742    287.4605    288.1108    -37.4441  17826.2988      0.3061      0.1108
  28680.0508    289.7707    286.9753    287.4606    288.1095    -37.3606  17859.8398      0.3061      0.1105
  28740.0508    289.7707    286.9733    287.4590    288.1084    -37.3805  17838.4316      0.3060      0.1106
  28800.0508    289.7707    286.9713    287.4576    288.1081    -37.4177  17800.1953      0.3059      0.1108
  28860.0508    289.7707    286.9709    287.4566    288.1065    -37.3746  17809.3281      0.3058      0.1107
  28920.0508    289.7707    286.9689    287.4550    288.1056    -37.3950  17784.7676      0.3057      0.1107
  28980.0508    289.7707    286.9687    287.4539    288.1033    -37.3218  17808.9922      0.3057      0.1106
  29040.0508    289.7707    286.9666    287.4517    288.1013    -37.3033  17793.2969      0.3055      0.1105
  29100.0508    289.7707    286.9630    287.4489    288.0999    -37.3546  17741.6152      0.3054      0.1108
  29160.0508    289.7707    286.9595    287.4446    288.0950    -37.2824  17738.6523      0.3052      0.1106
  29220.0508    289.7707    286.9544    287.4399    288.0911    -37.3021  17704.5254      0.3050      0.1107
  29280.0508    289.7707    286.9523    287.4383    288.0906    -37.3197  17652.9531      0.3048      0.1109
  29340.0508    289.7707    286.9535    287.4380    288.0886    -37.2071  17691.4453      0.3047      0.1106
  29400.0508    289.7707    286.9515    287.4363    288.0875    -37.2240  17666.6758      0.3046      0.1106
  29460.0508    289.7707    286.9509    287.4353    288.0860    -37.1802  17670.0313      0.3045      0.1106
  29520.0508    289.7707    286.9472    287.4321    288.0837    -37.2086  17632.2754      0.3044      0.1107
  29580.0508    289.7707    286.9453    287.4301    288.0819    -37.1940  17616.2246      0.3042      0.1107
  29640.0508    289.7707    286.9433    287.4280    288.0800    -37.1795  17601.4512      0.3041      0.1107
  29700.0508    289.7707    286.9412    287.4261    288.0786    -37.1882  17577.5098      0.3040      0.1108
  29760.0508    289.7707    286.9422    287.4257    288.0764    -37.0741  17615.6250      0.3039      0.1105
  29820.0508    289.7707    286.9399    287.4239    288.0754    -37.0992  17582.8379      0.3038      0.1106
  29880.0508    289.7707    286.9349    287.4202    288.0739    -37.1907  17514.7207      0.3037      0.1109
  29940.0508    289.7707    286.9359    287.4198    288.0718    -37.0833  17553.1074      0.3036      0.1106
  30000.0508    289.7707    286.9338    287.4180    288.0707    -37.0979  17522.9531      0.3035      0.1107
  30060.0508    289.7707    286.9301    287.4142    288.0670    -37.0698  17500.6133      0.3033      0.1107
  30120.0508    289.7707    286.9233    287.4066    288.0588    -36.9976  17496.8242      0.3030      0.1105
  30180.0508    289.7707    286.9182    287.4028    288.0576    -37.0799  17404.5879      0.3027      0.1109
  30240.0508    289.7707    286.9193    287.4030    288.0568    -36.9993  17416.7148      0.3026      0.1107
  30300.0508    289.7707    286.9187    287.4020    288.0554    -36.9601  17416.2090      0.3025      0.1106
  30360.0508    289.7707    286.9166    287.3999    288.0535    -36.9449  17394.8438      0.3023      0.1107
  30420.0508    289.7707    286.9130    287.3966    288.0508    -36.9548  17367.1738      0.3022      0.1107
  30480.0508    289.7707    286.9125    287.3961    288.0506    -36.9412  17345.0020      0.3020      0.1108
  30540.0508    289.7707    286.9057    287.3889    288.0435    -36.8974  17321.7539      0.3018      0.1107
  30600.0508    289.7707    286.9038    287.3876    288.0435    -36.9273  17272.0391      0.3016      0.1109
  30660.0508    289.7707    286.9049    287.3878    288.0425    -36.8559  17293.6445      0.3015      0.1107
  30720.0508    289.7707    286.8998    287.3839    288.0408    -36.9400  17229.9648      0.3013      0.1110
  30780.0508    289.7707    286.8994    287.3835    288.0405    -36.9390  17221.8613      0.3013      0.1110
  30840.0508    289.7707    286.9002    287.3822    288.0364    -36.7731  17282.2910      0.3012      0.1105
  30900.0508    289.7707    286.8967    287.3792    288.0343    -36.7924  17243.1914      0.3010      0.1107
  30960.0508    289.7707    286.8931    287.3765    288.0332    -36.8543  17193.1406      0.3009      0.1109
  31020.0508    289.7707    286.8926    287.3752    288.0309    -36.7880  17210.1777      0.3008      0.1107
  31080.0508    289.7707    286.8908    287.3735    288.0297    -36.7890  17186.6348      0.3007      0.1108
  31140.0508    289.7707    286.8889    287.3714    288.0275    -36.7659  17177.2266      0.3006      0.1108
  31200.0508    289.7707    286.8870    287.3696    288.0260    -36.7598  17160.0195      0.3005      0.1108
  31260.0508    289.7707    286.8820    287.3650    288.0225    -36.7885  17121.6348      0.3003      0.1109
  31320.0508    289.7707    286.8801    287.3635    288.0219    -36.8041  17083.9297      0.3001      0.1110
  31380.0508    289.7707    286.8810    287.3633    288.0201    -36.7097  17113.8301      0.3001      0.1108
  31440.0508    289.7707    286.8760    287.3593    288.0179    -36.7755  17059.0684      0.2999      0.1110
  31500.0508    289.7707    286.8770    287.3593    288.0165    -36.6918  17080.8867      0.2998      0.1108
  31560.0508    289.7707    286.8766    287.3583    288.0151    -36.6494  17085.7891      0.2997      0.1107
  31620.0508    289.7707    286.8697    287.3527    288.0117    -36.7290  17014.8438      0.2995      0.1110
  31680.0508    289.7707    286.8708    287.3524    288.0096    -36.6164  17048.8027      0.2994      0.1107
  31740.0508    289.7707    286.8687    287.3508    288.0088    -36.6441  17018.6504      0.2993      0.1108
  31800.0508    289.7707    286.8668    287.3485    288.0064    -36.6131  17012.3145      0.2992      0.1108
  31860.0508    289.7707    286.8648    287.3462    288.0038    -36.5678  17000.4004      0.2990      0.1107
  31920.0508    289.7707    286.8643    287.3451    288.0021    -36.5205  17009.5449      0.2989      0.1106
  31980.0508    289.7707    286.8605    287.3423    288.0010    -36.5812  16953.7734      0.2988      0.1109
  32040.0508    289.7707    286.8572    287.3393    287.9989    -36.6029  16921.2578      0.2987      0.1110
  32100.0508    289.7707    286.8554    287.3367    287.9951    -36.5339  16944.6406      0.2986      0.1108
  32160.0508    289.7707    286.8519    287.3331    287.9921    -36.5135  16905.3125      0.2983      0.1108
  32220.0508    289.7707    286.8512    287.3321    287.9908    -36.4802  16903.1758      0.2982      0.1108
  32280.0508    289.7707    286.8460    287.3282    287.9893    -36.5673  16832.6973      0.2980      0.1111
  32340.0508    289.7707    286.8470    287.3275    287.9861    -36.4388  16889.3926      0.2980      0.1107
  32400.0508    289.7707    286.8402    287.3217    287.9824    -36.4818  16806.8594      0.2977      0.1110
  32460.0508    289.7707    286.8382    287.3200    287.9813    -36.5095  16790.2598      0.2976      0.1111
  32520.0508    289.7707    286.8330    287.3141    287.9750    -36.4285  16769.2148      0.2973      0.1109
  32580.0508    289.7707    286.8309    287.3111    287.9713    -36.3562  16771.7813      0.2971      0.1108
  32640.0508    289.7707    286.8255    287.3069    287.9693    -36.4239  16693.6719      0.2968      0.1111
  32700.0508    289.7707    286.8267    287.3073    287.9686    -36.3499  16709.1113      0.2967      0.1109
  32760.0508    289.7707    286.8263    287.3061    287.9667    -36.2940  16719.0840      0.2966      0.1108
  32820.0508    289.7707    286.8211    287.3018    287.9642    -36.3455  16657.3594      0.2964      0.1110
  32880.0508    289.7707    286.8190    287.2998    287.9625    -36.3412  16638.7363      0.2963      0.1111
  32940.0508    289.7707    286.8217    287.3011    287.9618    -36.2262  16679.3887      0.2962      0.1107
  33000.0508    289.7707    286.8151    287.2958    287.9591    -36.3174  16602.0762      0.2960      0.1111
  33060.0508    289.7707    286.8130    287.2930    287.9555    -36.2475  16605.0430      0.2958      0.1109
  33120.0508    289.7707    286.8109    287.2909    287.9539    -36.2385  16576.9492      0.2957      0.1110
  33180.0508    289.7707    286.8088    287.2887    287.9518    -36.2254  16565.1094      0.2956      0.1110
  33240.0508    289.7707    286.8098    287.2891    287.9514    -36.1733  16574.5273      0.2955      0.1109
  33300.0508    289.7707    286.8047    287.2849    287.9489    -36.2286  16522.4727      0.2953      0.1111
  33360.0508    289.7707    286.8044    287.2838    287.9470    -36.1610  16529.6465      0.2952      0.1109
  33420.0508    289.7707    286.8007    287.2803    287.9439    -36.1562  16502.4355      0.2950      0.1110
  33480.0508    289.7707    286.7985    287.2781    287.9421    -36.1459  16478.0898      0.2948      0.1110
  33540.0508    289.7707    286.7946    287.2743    287.9390    -36.1384  16444.3086      0.2946      0.1111
  33600.0508    289.7707    286.7941    287.2736    287.9383    -36.1184  16435.2598      0.2945      0.1111
  33660.0508    289.7707    286.7950    287.2735    287.9368    -36.0388  16464.9023      0.2945      0.1108
  33720.0508    289.7707    286.7897    287.2685    287.9329    -36.0501  16418.4453      0.2942      0.1109
  33780.0508    289.7707    286.7878    287.2665    287.9310    -36.0311  16400.9414      0.2941      0.1109
  33840.0508    289.7707    286.7855    287.2649    287.9307    -36.0713  16359.7793      0.2939      0.1111
  33900.0508    289.7707    286.7818    287.2615    287.9279    -36.0782  16330.8486      0.2938      0.1112
  33960.0508    289.7707    286.7813    287.2600    287.9254    -36.0084  16346.0527      0.2937      0.1110
  34020.0508    289.7707    286.7792    287.2576    287.9229    -35.9681  16332.2168      0.2935      0.1110
  34080.0508    289.7707    286.7741    287.2534    287.9204    -36.0188  16275.5723      0.2933      0.1112
  34140.0508    289.7707    286.7687    287.2467    287.9122    -35.9083  16291.9766      0.2931      0.1109
  34200.0508    289.7707    286.7649    287.2435    287.9108    -35.9294  16218.0801      0.2927      0.1111
  34260.0508    289.7707    286.7594    287.2378    287.9052    -35.8919  16194.9492      0.2925      0.1111
  34320.0508    289.7707    286.7572    287.2356    287.9035    -35.8792  16164.6270      0.2922      0.1112
  34380.0508    289.7707    286.7579    287.2352    287.9017    -35.7872  16186.7607      0.2921      0.1109
  34440.0508    289.7707    286.7540    287.2321    287.9002    -35.8428  16140.3916      0.2920      0.1111
  34500.0508    289.7707    286.7532    287.2308    287.8984    -35.7987  16141.5518      0.2919      0.1111
  34560.0508    289.7707    286.7494    287.2278    287.8970    -35.8517  16094.5898      0.2918      0.1113
  34620.0508    289.7707    286.7484    287.2265    287.8954    -35.8179  16092.6250      0.2917      0.1112
  34680.0508    289.7707    286.7461    287.2241    287.8929    -35.8017  16083.0625      0.2916      0.1112
  34740.0508    289.7707    286.7470    287.2243    287.8922    -35.7443  16096.2930      0.2915      0.1110
  34800.0508    289.7707    286.7432    287.2206    287.8892    -35.7442  16068.0352      0.2913      0.1111
  34860.0508    289.7707    286.7411    287.2177    287.8856    -35.6721  16069.3516      0.2911      0.1110
  34920.0508    289.7707    286.7358    287.2133    287.8828    -35.7196  16016.0430      0.2909      0.1112
  34980.0508    289.7707    286.7352    287.2123    287.8813    -35.6829  16016.2041      0.2908      0.1111
  35040.0508    289.7707    286.7313    287.2086    287.8784    -35.6913  15988.1641      0.2907      0.1112
  35100.0508    289.7707    286.7257    287.2033    287.8742    -35.6956  15936.9766      0.2904      0.1113
  35160.0508    289.7707    286.7262    287.2030    287.8727    -35.6318  15961.3086      0.2904      0.1111
  35220.0508    289.7707    286.7218    287.1986    287.8690    -35.6156  15923.0938      0.2901      0.1112
  35280.0508    289.7707    286.7224    287.1989    287.8689    -35.5801  15924.1934      0.2900      0.1111
  35340.0508    289.7707    286.7183    287.1948    287.8651    -35.5836  15910.0391      0.2899      0.1111
  35400.0508    289.7707    286.7153    287.1927    287.8647    -35.6342  15860.1982      0.2898      0.1114
  35460.0508    289.7707    286.7158    287.1925    287.8636    -35.5734  15871.2363      0.2897      0.1112
  35520.0508    289.7707    286.7101    287.1873    287.8595    -35.6034  15831.6455      0.2895      0.1114
  35580.0508    289.7707    286.7087    287.1850    287.8562    -35.5144  15834.9014      0.2893      0.1112
  35640.0508    289.7707    286.7089    287.1852    287.8567    -35.5151  15823.4707      0.2892      0.1112
  35700.0508    289.7707    286.7048    287.1818    287.8546    -35.5564  15784.1621      0.2891      0.1114
  35760.0508    289.7707    286.7021    287.1795    287.8530    -35.5807  15765.7461      0.2891      0.1115
  35820.0508    289.7707    286.7023    287.1783    287.8500    -35.4816  15798.1123      0.2890      0.1112
  35880.0508    289.7707    286.6995    287.1758    287.8482    -35.4851  15765.7646      0.2888      0.1113
  35940.0508    289.7707    286.6951    287.1708    287.8426    -35.4302  15766.5215      0.2887      0.1111
  36000.0508    289.7707    286.6919    287.1678    287.8407    -35.4308  15721.2139      0.2884      0.1112
  36060.0508    289.7707    286.6907    287.1663    287.8387    -35.3959  15720.2637      0.2883      0.1112
  36120.0508    289.7707    286.6892    287.1652    287.8387    -35.4186  15687.9531      0.2881      0.1113
  36180.0508    289.7707    286.6877    287.1635    287.8368    -35.3883  15680.7842      0.2880      0.1113
  36240.0508    289.7707    286.6847    287.1606    287.8344    -35.3965  15662.0215      0.2879      0.1113
  36300.0508    289.7707    286.6846    287.1599    287.8329    -35.3468  15672.3564      0.2879      0.1112
  36360.0508    289.7707    286.6813    287.1570    287.8311    -35.3734  15641.8975      0.2877      0.1113
  36420.0508    289.7707    286.6814    287.1567    287.8302    -35.3352  15648.1387      0.2877      0.1112
  36480.0508    289.7707    286.6800    287.1551    287.8284    -35.3149  15644.3379      0.2876      0.1112
  36540.0508    289.7707    286.6738    287.1490    287.8228    -35.3069  15620.3887      0.2874      0.1112
  36600.0508    289.7707    286.6736    287.1490    287.8234    -35.3088  15590.7998      0.2873      0.1113
  36660.0508    289.7707    286.6734    287.1481    287.8216    -35.2575  15609.4766      0.2872      0.1111
  36720.0508    289.7707    286.6668    287.1424    287.8176    -35.3118  15559.2998      0.2871      0.1114
  36780.0508    289.7707    286.6647    287.1395    287.8142    -35.2420  15549.7285      0.2868      0.1113
  36840.0508    289.7707    286.6638    287.1384    287.8128    -35.2135  15547.1436      0.2867      0.1112
  36900.0508    289.7707    286.6632    287.1372    287.8111    -35.1595  15545.4404      0.2866      0.1111
  36960.0508    289.7707    286.6552    287.1297    287.8051    -35.1832  15488.1621      0.2863      0.1113
  37020.0508    289.7707    286.6549    287.1286    287.8029    -35.1066  15498.9951      0.2862      0.1111
  37080.0508    289.7707    286.6510    287.1256    287.8017    -35.1687  15451.3906      0.2860      0.1113
  37140.0508    289.7707    286.6498    287.1242    287.8001    -35.1476  15447.9609      0.2860      0.1113
  37200.0508    289.7707    286.6460    287.1208    287.7978    -35.1702  15411.9717      0.2858      0.1114
  37260.0508    289.7707    286.6465    287.1203    287.7958    -35.0874  15440.1553      0.2858      0.1112
  37320.0508    289.7707    286.6440    287.1180    287.7940    -35.0861  15413.5332      0.2856      0.1112
  37380.0508    289.7707    286.6431    287.1168    287.7927    -35.0574  15405.4473      0.2855      0.1112
  37440.0508    289.7707    286.6392    287.1132    287.7901    -35.0770  15372.5029      0.2853      0.1113
  37500.0508    289.7707    286.6382    287.1123    287.7894    -35.0708  15358.2754      0.2852      0.1113
  37560.0508    289.7707    286.6371    287.1106    287.7872    -35.0212  15360.6533      0.2851      0.1112
  37620.0508    289.7707    286.6332    287.1066    287.7831    -35.0021  15352.1602      0.2850      0.1112
  37680.0508    289.7707    286.6319    287.1054    287.7824    -35.0073  15333.9541      0.2849      0.1113
  37740.0508    289.7707    286.6306    287.1033    287.7794    -34.9382  15341.4512      0.2847      0.1111
  37800.0508    289.7707    286.6262    287.0997    287.7775    -34.9887  15292.1895      0.2846      0.1113
  37860.0508    289.7707    286.6218    287.0952    287.7731    -34.9679  15275.0820      0.2844      0.1113
  37920.0508    289.7707    286.6162    287.0890    287.7663    -34.9027  15267.2158      0.2842      0.1112
  37980.0508    289.7707    286.6028    287.0763    287.7560    -34.9262  15176.5928      0.2837      0.1115
  38040.0508    289.7707    286.6047    287.0764    287.7535    -34.7821  15218.1553      0.2836      0.1111
  38100.0508    289.7707    286.5982    287.0706    287.7499    -34.8091  15142.3506      0.2832      0.1113
  38160.0508    289.7707    286.5981    287.0705    287.7497    -34.7943  15135.4131      0.2831      0.1113
  38220.0508    289.7707    286.5978    287.0701    287.7495    -34.7837  15124.4229      0.2830      0.1113
  38280.0508    289.7707    286.5941    287.0664    287.7462    -34.7802  15108.0459      0.2829      0.1113
  38340.0508    289.7707    286.5932    287.0651    287.7445    -34.7408  15104.2832      0.2828      0.1112
  38400.0508    289.7707    286.5912    287.0640    287.7449    -34.8068  15070.0771      0.2827      0.1115
  38460.0508    289.7707    286.5891    287.0615    287.7420    -34.7699  15072.1563      0.2826      0.1114
  38520.0508    289.7707    286.5876    287.0600    287.7405    -34.7594  15063.1289      0.2826      0.1114
  38580.0508    289.7707    286.5857    287.0583    287.7395    -34.7742  15042.1934      0.2825      0.1115
  38640.0508    289.7707    286.5855    287.0569    287.7363    -34.6836  15078.3184      0.2825      0.1112
  38700.0508    289.7707    286.5819    287.0544    287.7357    -34.7499  15025.8496      0.2823      0.1115
  38760.0508    289.7707    286.5828    287.0548    287.7353    -34.7130  15041.5039      0.2823      0.1113
  38820.0508    289.7707    286.5778    287.0496    287.7305    -34.6830  15012.6182      0.2820      0.1113
  38880.0508    289.7707    286.5776    287.0493    287.7300    -34.6731  15014.4404      0.2820      0.1113
  38940.0508    289.7707    286.5752    287.0468    287.7276    -34.6609  15006.1426      0.2819      0.1113
  39000.0508    289.7707    286.5743    287.0460    287.7271    -34.6632  14993.4824      0.2819      0.1114
  39060.0508    289.7707    286.5748    287.0455    287.7252    -34.5881  15021.4717      0.2818      0.1111
  39120.0508    289.7707    286.5708    287.0429    287.7252    -34.6874  14957.1240      0.2817      0.1115
  39180.0508    289.7707    286.5689    287.0408    287.7229    -34.6661  14953.3799      0.2816      0.1115
  39240.0508    289.7707    286.5703    287.0407    287.7206    -34.5582  14998.7598      0.2816      0.1111
  39300.0508    289.7707    286.5679    287.0384    287.7184    -34.5459  14983.2266      0.2815      0.1111
  39360.0508    289.7707    286.5575    287.0289    287.7110    -34.5918  14914.5859      0.2812      0.1114
  39420.0508    289.7707    286.5550    287.0269    287.7103    -34.6170  14875.3398      0.2810      0.1115
  39480.0508    289.7707    286.5554    287.0261    287.7079    -34.5317  14901.3174      0.2809      0.1113
  39540.0508    289.7707    286.5527    287.0232    287.7048    -34.5039  14895.7402      0.2808      0.1112
  39600.0508    289.7707    286.5528    287.0230    287.7047    -34.4767  14884.6992      0.2807      0.1112
  39660.0508    289.7707    286.5507    287.0204    287.7014    -34.4349  14895.1338      0.2807      0.1111
  39720.0508    289.7707    286.5508    287.0205    287.7015    -34.4251  14885.8379      0.2806      0.1111
  39780.0508    289.7707    286.5496    287.0192    287.7002    -34.4174  14884.0781      0.2805      0.1111
  39840.0508    289.7707    286.5430    287.0124    287.6938    -34.3835  14851.2715      0.2802      0.1111
  39900.0508    289.7707    286.5409    287.0101    287.6916    -34.3586  14834.6621      0.2801      0.1111
  39960.0508    289.7707    286.5370    287.0078    287.6918    -34.4608  14773.8457      0.2800      0.1115
  40020.0508    289.7707    286.5356    287.0052    287.6879    -34.3691  14791.5303      0.2798      0.1112
  40080.0508    289.7707    286.5334    287.0036    287.6873    -34.4018  14761.2031      0.2797      0.1114
  40140.0508    289.7707    286.5342    287.0040    287.6873    -34.3680  14764.5332      0.2797      0.1113
  40200.0508    289.7707    286.5311    287.0001    287.6826    -34.3027  14766.2832      0.2795      0.1111
  40260.0508    289.7707    286.5274    286.9975    287.6819    -34.3709  14717.9971      0.2794      0.1114
  40320.0508    289.7707    286.5288    286.9976    287.6801    -34.2784  14753.1934      0.2793      0.1111
  40380.0508    289.7707    286.5249    286.9946    287.6785    -34.3369  14722.7979      0.2793      0.1113
  40440.0508    289.7707    286.5245    286.9932    287.6760    -34.2609  14733.8623      0.2792      0.1111
  40500.0508    289.7707    286.5222    286.9917    287.6759    -34.3177  14702.4746      0.2791      0.1113
  40560.0508    289.7707    286.5137    286.9823    287.6657    -34.2254  14690.7842      0.2788      0.1111
  40620.0508    289.7707    286.5098    286.9786    287.6624    -34.2288  14674.9834      0.2787      0.1112
  40680.0508    289.7707    286.5072    286.9752    287.6587    -34.1541  14654.7715      0.2784      0.1111
  40740.0508    289.7707    286.5031    286.9721    287.6576    -34.2137  14598.8408      0.2782      0.1114
  40800.0508    289.7707    286.5038    286.9721    287.6566    -34.1591  14615.4092      0.2782      0.1112
  40860.0508    289.7707    286.5033    286.9716    287.6562    -34.1579  14612.4961      0.2781      0.1112
  40920.0508    289.7707    286.4989    286.9676    287.6530    -34.1714  14582.3965      0.2780      0.1113
  40980.0508    289.7707    286.4983    286.9675    287.6535    -34.2149  14577.5723      0.2781      0.1114
  41040.0508    289.7707    286.4998    286.9681    287.6524    -34.1648  14624.1484      0.2782      0.1112
  41100.0508    289.7707    286.4956    286.9633    287.6466    -34.1171  14640.4014      0.2782      0.1110
  41160.0508    289.7707    286.4783    286.9469    287.6328    -34.1390  14546.0000      0.2777      0.1113
  41220.0508    289.7707    286.4657    286.9332    287.6190    -34.0123  14490.9277      0.2770      0.1112
  41280.0508    289.7707    286.4595    286.9263    287.6129    -33.9260  14423.7871      0.2763      0.1112
  41340.0508    289.7707    286.4653    286.9316    287.6169    -33.8927  14456.8408      0.2765      0.1110
  41400.0508    289.7707    286.4535    286.9202    287.6064    -33.9090  14426.4961      0.2763      0.1111
  41460.0508    289.7707    286.4543    286.9198    287.6048    -33.8165  14435.4941      0.2761      0.1109
  41520.0508    289.7707    286.4476    286.9142    287.6004    -33.9076  14427.8691      0.2763      0.1111
  41580.0508    289.7707    286.4351    286.9007    287.5865    -33.7875  14385.3076      0.2757      0.1110
  41640.0508    289.7707    286.4208    286.8858    287.5725    -33.6920  14301.2090      0.2749      0.1110
  41700.0508    289.7707    286.4172    286.8817    287.5688    -33.6293  14260.3682      0.2745      0.1109
  41760.0508    289.7707    286.4022    286.8675    287.5565    -33.6655  14199.5645      0.2742      0.1112
  41820.0508    289.7707    286.3949    286.8579    287.5449    -33.4462  14179.0156      0.2735      0.1107
  41880.0508    289.7707    286.3849    286.8490    287.5389    -33.5048  14093.2930      0.2731      0.1111
  41940.0508    289.7707    286.3906    286.8536    287.5416    -33.4236  14128.8525      0.2731      0.1108
  42000.0508    289.7707    286.3900    286.8530    287.5409    -33.4294  14135.8535      0.2732      0.1108
  42060.0508    289.7707    286.3908    286.8538    287.5417    -33.4270  14135.1611      0.2732      0.1108
  42120.0508    289.7707    286.3876    286.8507    287.5388    -33.4208  14120.8594      0.2731      0.1108
  42180.0508    289.7707    286.3854    286.8492    287.5386    -33.4746  14097.3262      0.2731      0.1110
  42240.0508    289.7707    286.3840    286.8471    287.5352    -33.4337  14129.7744      0.2732      0.1108
  42300.0508    289.7707    286.3804    286.8444    287.5343    -33.4886  14084.1250      0.2730      0.1111
  42360.0508    289.7707    286.3796    286.8428    287.5311    -33.4333  14121.4912      0.2731      0.1108
  42420.0508    289.7707    286.3820    286.8445    287.5316    -33.3841  14144.5254      0.2731      0.1107
  42480.0508    289.7707    286.3733    286.8362    287.5240    -33.4108  14127.5947      0.2731      0.1108
  42540.0508    289.7707    286.3721    286.8342    287.5213    -33.3360  14122.3447      0.2729      0.1106
  42600.0508    289.7707    286.3651    286.8275    287.5153    -33.3659  14108.8799      0.2729      0.1107
  42660.0508    289.7707    286.3585    286.8207    287.5087    -33.3262  14080.7217      0.2726      0.1107
  42720.0508    289.7707    286.3495    286.8105    287.4974    -33.2000  14064.2793      0.2721      0.1105
  42780.0508    289.7707    286.3519    286.8130    287.5002    -33.2126  14058.3252      0.2721      0.1105
  42840.0508    289.7707    286.3492    286.8101    287.4967    -33.2043  14076.9238      0.2722      0.1104
  42900.0508    289.7707    286.3438    286.8048    287.4924    -33.2012  14038.9668      0.2720      0.1105
  42960.0508    289.7707    286.3441    286.8044    287.4902    -33.1684  14093.5078      0.2722      0.1103
  43020.0508    289.7707    286.3368    286.7975    287.4848    -33.1585  14027.5508      0.2718      0.1105
  43080.0508    289.7707    286.3329    286.7944    287.4832    -33.2168  13996.1348      0.2717      0.1107
  43140.0508    289.7707    286.3382    286.7984    287.4848    -33.1302  14050.1299      0.2719      0.1103
  43200.0508    289.7707    286.3304    286.7924    287.4816    -33.2547  13996.5469      0.2719      0.1108
  43260.0508    289.7707    286.3271    286.7872    287.4742    -33.1051  14014.8262      0.2716      0.1104
  43320.0508    289.7707    286.3268    286.7864    287.4728    -33.0636  14018.2002      0.2715      0.1103
  43380.0508    289.7707    286.3244    286.7844    287.4710    -33.0907  14022.3066      0.2716      0.1103
  43440.0508    289.7707    286.3229    286.7823    287.4686    -33.0433  14014.6406      0.2714      0.1102
  43500.0508    289.7707    286.3248    286.7842    287.4699    -33.0565  14042.3682      0.2716      0.1102
  43560.0508    289.7707    286.3184    286.7787    287.4657    -33.1179  14017.5840      0.2716      0.1104
  43620.0508    289.7707    286.3133    286.7732    287.4604    -33.0698  13989.1973      0.2713      0.1104
  43680.0508    289.7707    286.3151    286.7749    287.4618    -33.0665  14001.1602      0.2714      0.1103
  43740.0508    289.7707    286.3134    286.7733    287.4604    -33.0747  13993.6377      0.2714      0.1104
  43800.0508    289.7707    286.3145    286.7739    287.4602    -33.0419  14011.8613      0.2714      0.1102
  43860.0508    289.7707    286.3092    286.7688    287.4555    -33.0502  14000.3008      0.2713      0.1103
  43920.0508    289.7707    286.3120    286.7706    287.4556    -32.9867  14039.3984      0.2714      0.1100
  43980.0508    289.7707    286.3083    286.7679    287.4546    -33.0478  13998.4893      0.2713      0.1103
  44040.0508    289.7707    286.3049    286.7654    287.4533    -33.1146  13981.7627      0.2714      0.1105
  44100.0508    289.7707    286.3020    286.7623    287.4500    -33.0977  13981.7256      0.2713      0.1104
  44160.0508    289.7707    286.3058    286.7647    287.4502    -32.9936  14020.0391      0.2713      0.1101
  44220.0508    289.7707    286.3036    286.7628    287.4489    -33.0245  14010.7559      0.2713      0.1102
  44280.0508    289.7707    286.3023    286.7614    287.4474    -33.0152  14012.4199      0.2713      0.1102
  44340.0508    289.7707    286.2976    286.7575    287.4444    -33.0762  14000.9023      0.2714      0.1103
  44400.0508    289.7706    286.2965    286.7552    287.4404    -32.9819  14024.9678      0.2713      0.1101
  44460.0508    289.7703    286.2958    286.7551    287.4413    -33.0246  14004.4092      0.2713      0.1102
  44520.0508    289.7700    286.2948    286.7528    287.4369    -32.9389  14049.0771      0.2714      0.1099
  44580.0508    289.7681    286.2929    286.7511    287.4357    -32.9384  14028.4473      0.2712      0.1100
  44640.0508    289.7678    286.2951    286.7529    287.4366    -32.9134  14047.7871      0.2713      0.1099
  44700.0508    289.7676    286.2891    286.7472    287.4311    -32.9467  14057.0527      0.2714      0.1099
  44760.0508    289.7629    286.2775    286.7361    287.4221    -32.9541  13979.4629      0.2710      0.1101
  44820.0508    289.7619    286.2763    286.7344    287.4196    -32.9132  13990.6279      0.2709      0.1100
  44880.0508    289.7605    286.2763    286.7335    287.4172    -32.8457  14018.0078      0.2709      0.1098
  44940.0508    289.7562    286.2634    286.7219    287.4084    -32.9066  13931.7246      0.2705      0.1101
  45000.0508    289.7552    286.2645    286.7225    287.4083    -32.8783  13947.3193      0.2705      0.1100
  45060.0508    289.7517    286.2583    286.7153    287.3999    -32.7899  13954.1055      0.2704      0.1098
  45120.0508    289.7489    286.2504    286.7083    287.3950    -32.8306  13890.9941      0.2701      0.1101
  45180.0508    289.7483    286.2531    286.7106    287.3970    -32.8106  13897.5625      0.2700      0.1100
  45240.0508    289.7483    286.2559    286.7130    287.3983    -32.7896  13929.9482      0.2702      0.1099
  45300.0508    289.7480    286.2568    286.7139    287.3983    -32.8107  13970.8750      0.2705      0.1098
  45360.0508    289.7464    286.2422    286.7008    287.3886    -32.8886  13875.4150      0.2701      0.1102
  45420.0508    289.7452    286.2476    286.7044    287.3896    -32.7610  13919.9092      0.2701      0.1098
  45480.0508    289.7448    286.2479    286.7058    287.3922    -32.8441  13908.9463      0.2702      0.1101
  45540.0508    289.7447    286.2452    286.7027    287.3879    -32.8321  13946.4063      0.2704      0.1099
  45600.0508    289.7431    286.2417    286.6981    287.3821    -32.7384  13950.4912      0.2702      0.1097
  45660.0508    289.7417    286.2381    286.6951    287.3804    -32.7682  13914.8311      0.2701      0.1099
  45720.0508    289.7416    286.2381    286.6961    287.3831    -32.8466  13887.2930      0.2701      0.1101
  45780.0508    289.7406    286.2357    286.6920    287.3760    -32.7291  13948.9150      0.2702      0.1097
  45840.0508    289.7387    286.2313    286.6883    287.3738    -32.7674  13906.0645      0.2700      0.1099
  45900.0508    289.7377    286.2292    286.6865    287.3727    -32.7784  13884.5635      0.2699      0.1100
  45960.0508    289.7374    286.2294    286.6866    287.3721    -32.7885  13917.3398      0.2701      0.1099
  46020.0508    289.7339    286.2238    286.6799    287.3641    -32.6895  13919.1465      0.2699      0.1097
  46080.0508    289.7314    286.2166    286.6732    287.3590    -32.7215  13874.5293      0.2697      0.1099
  46140.0508    289.7306    286.2215    286.6778    287.3626    -32.6935  13898.2285      0.2698      0.1097
  46200.0508    289.7291    286.2118    286.6680    287.3528    -32.6874  13892.9238      0.2697      0.1097
  46260.0508    289.7257    286.2061    286.6624    287.3480    -32.6711  13856.1787      0.2694      0.1098
  46320.0508    289.7252    286.2015    286.6591    287.3469    -32.7748  13819.4521      0.2695      0.1101
  46380.0508    289.7232    286.2001    286.6567    287.3431    -32.6893  13832.9785      0.2693      0.1099
  46440.0508    289.7230    286.2029    286.6585    287.3427    -32.6363  13894.9199      0.2696      0.1096
  46500.0508    289.7196    286.1947    286.6501    287.3347    -32.5981  13858.1182      0.2692      0.1096
  46560.0508    289.7187    286.1939    286.6494    287.3343    -32.6031  13849.4004      0.2692      0.1097
  46620.0508    289.7184    286.1922    286.6492    287.3363    -32.7171  13816.5693      0.2693      0.1100
  46680.0508    289.7169    286.1886    286.6439    287.3284    -32.5838  13855.7822      0.2692      0.1096
  46740.0508    289.7162    286.1883    286.6443    287.3300    -32.6282  13829.3359      0.2691      0.1098
  46800.0508    289.7159    286.1858    286.6420    287.3276    -32.6577  13845.6396      0.2693      0.1098
  46860.0508    289.7143    286.1826    286.6388    287.3249    -32.6432  13820.8271      0.2691      0.1098
  46920.0508    289.7141    286.1844    286.6397    287.3242    -32.5869  13857.5850      0.2692      0.1096
  46980.0508    289.7131    286.1796    286.6354    287.3205    -32.6235  13849.6641      0.2693      0.1097
  47040.0508    289.7111    286.1779    286.6334    287.3182    -32.5983  13846.3838      0.2692      0.1097
  47100.0508    289.7108    286.1758    286.6316    287.3167    -32.6298  13852.9355      0.2693      0.1097
