 Ground_T     Skin_T       Aero_T       Air_T H0,L,Ustar,Tstar
   3600.5000    302.9987    287.5220    287.4785    287.4709      5.7384  -4975.0249      0.6846     -0.0069
   3660.5000    302.8433    288.4573    288.2669    288.1162     17.0256   -202.6906      0.3387     -0.0416
   3720.5000    302.6918    288.6985    288.5116    288.3496     15.9237   -166.5946      0.3103     -0.0425
   3780.5000    302.5428    288.8614    288.6839    288.5223     14.7133   -155.3981      0.2953     -0.0413
   3840.5000    302.3963    288.9900    288.8227    288.6653     13.5971   -151.5342      0.2853     -0.0395
   3900.5000    302.2526    289.0955    288.9391    288.7882     12.5189   -151.8035      0.2777     -0.0374
   3960.5000    302.1101    289.1836    289.0384    288.8951     11.4886   -154.7374      0.2716     -0.0351
   4020.5000    301.9710    289.2736    289.1354    288.9933     10.6658   -145.6225      0.2597     -0.0341
   4080.5000    301.8327    289.3303    289.2016    289.0659      9.7715   -145.9546      0.2524     -0.0322
   4140.5000    301.6972    289.3754    289.2551    289.1259      9.0319   -148.7451      0.2474     -0.0303
   4200.5000    301.5623    289.4114    289.3008    289.1804      8.2398   -156.1217      0.2439     -0.0281
   4260.5000    301.4305    289.4445    289.3432    289.2318      7.4984   -165.9421      0.2412     -0.0258
   4320.5000    301.2987    289.4710    289.3813    289.2816      6.6060   -183.0759      0.2389     -0.0230
   4380.5000    301.1703    289.5010    289.4197    289.3286      5.9583   -197.9536      0.2369     -0.0209
   4440.5000    301.0421    289.5228    289.4529    289.3737      5.1063   -225.3741      0.2350     -0.0181
   4500.5000    300.9163    289.5465    289.4857    289.4164      4.4173   -254.4192      0.2332     -0.0158
   4560.5000    300.7918    289.5654    289.5145    289.4560      3.6811   -298.0972      0.2313     -0.0132
   4620.5000    300.6681    289.5843    289.5421    289.4933      3.0384   -352.6573      0.2295     -0.0110
   4680.5000    300.5472    289.6001    289.5671    289.5286      2.3639   -442.4260      0.2276     -0.0086
   4740.5000    300.4264    289.6127    289.5889    289.5609      1.6963   -601.5988      0.2258     -0.0063
   4800.5000    300.3081    289.6252    289.6096    289.5912      1.1090   -897.8069      0.2239     -0.0041
   4860.5000    300.1909    289.6346    289.6277    289.6196      0.4891  -1985.1486      0.2221     -0.0018
   4920.5000    300.0738    289.6377    289.6407    289.6449     -0.21631335945.2500      0.2241      0.0008
   4980.5000    299.9602    289.6423    289.6536    289.6686     -0.7998 359026.7188      0.2236      0.0030
   5040.5000    299.8466    289.6422    289.6603    289.6847     -1.2735 214069.6250      0.2198      0.0048
   5100.5000    299.7336    289.6389    289.6631    289.6962     -1.6866 153276.6563      0.2159      0.0065
   5160.5000    299.6237    289.6309    289.6617    289.7043     -2.1242 115554.6563      0.2122      0.0083
   5220.5000    299.5139    289.6212    289.6580    289.7096     -2.5074  92893.9063      0.2086      0.0100
   5280.5000    299.4042    289.6084    289.6514    289.7127     -2.9079  76110.3125      0.2051      0.0118
   5340.5000    299.2980    289.5940    289.6428    289.7135     -3.2688  64241.0195      0.2015      0.0135
   5400.5000    299.1918    289.5780    289.6325    289.7126     -3.6129  55132.4531      0.1980      0.0152
   5460.5000    299.0856    289.5604    289.6203    289.7097     -3.9310  48080.4805      0.1946      0.0168
   5520.5000    298.9821    289.5412    289.6065    289.7056     -4.2453  42237.1250      0.1912      0.0185
   5580.5000    298.8795    289.5189    289.5898    289.6992     -4.5621  37203.9961      0.1877      0.0202
   5640.5000    298.7770    289.4966    289.5726    289.6920     -4.8479  33159.4258      0.1844      0.0219
   5700.5000    298.6750    289.4711    289.5525    289.6826     -5.1412  29590.3770      0.1810      0.0237
   5760.5000    298.5762    289.4456    289.5319    289.6720     -5.3934  26699.2715      0.1777      0.0253
   5820.5000    298.4773    289.4185    289.5099    289.6609     -5.6563  24105.7441      0.1745      0.0270
   5880.5000    298.3784    289.3898    289.4858    289.6472     -5.8809  21914.6074      0.1713      0.0286
   5940.5000    298.2808    289.3578    289.4590    289.6322     -6.1324  19830.7051      0.1680      0.0304
   6000.5000    298.1856    289.3306    289.4352    289.6172     -6.2752  18338.6719      0.1650      0.0317
   6060.5000    298.0904    289.2939    289.4042    289.5997     -6.5404  16569.0801      0.1617      0.0337
   6120.5000    297.9952    289.2604    289.3747    289.5811     -6.7032  15222.4492      0.1585      0.0352
   6180.5000    297.9006    289.2238    289.3428    289.5618     -6.9000  13923.6445      0.1553      0.0370
   6240.5000    297.8091    289.1872    289.3101    289.5406     -7.0481  12829.3857      0.1522      0.0386
   6300.5000    297.7175    289.1474    289.2747    289.5184     -7.2173  11771.9873      0.1491      0.0403
   6360.5000    297.6260    289.1077    289.2389    289.4952     -7.3558  10854.2295      0.1461      0.0419
   6420.5000    297.5344    289.0680    289.2028    289.4713     -7.4697  10051.2471      0.1431      0.0435
   6480.5000    297.4453    289.0251    289.1635    289.4449     -7.5769   9295.6279      0.1401      0.0450
   6540.5000    297.3574    288.9792    289.1215    289.4177     -7.7051   8556.0801      0.1371      0.0468
   6600.5000    297.2695    288.9332    289.0791    289.3894     -7.8007   7911.2231      0.1341      0.0484
   6660.5000    297.1816    288.8873    289.0360    289.3596     -7.8578   7345.4170      0.1311      0.0499
   6720.5000    297.0938    288.8382    288.9901    289.3284     -7.9222   6799.5688      0.1282      0.0514
   6780.5000    297.0081    288.7860    288.9411    289.2953     -7.9846   6277.8989      0.1251      0.0531
   6840.5000    296.9239    288.7338    288.8914    289.2606     -8.0044   5817.5649      0.1221      0.0545
   6900.5000    296.8397    288.6785    288.8390    289.2251     -8.0416   5373.4917      0.1191      0.0562
   6960.5000    296.7554    288.6232    288.7862    289.1888     -8.0542   4978.5244      0.1162      0.0577
   7020.5000    296.6712    288.5648    288.7305    289.1515     -8.0696   4595.8125      0.1132      0.0593
   7080.5000    296.5870    288.5064    288.6738    289.1114     -8.0386   4267.3125      0.1103      0.0606
   7140.5000    296.5058    288.4449    288.6142    289.0704     -8.0115   3947.3806      0.1074      0.0620
